-2972, -1201, -1388, -1762, 340, 21127, -999, 126,
111, -1224, -1738, 311, -712, -450, -114, -648,
-752, -172, 67, 375, -967, -1032, -10763, -1885,
-2223, -3258, 480, -228, -143, -1299, 13128, -3062,
1418, 6, -649, -1816, -288, 767, 345, 876,
-491, 948, 540, -167, 1969, -1883, -455, 20584,
-656, 114, 308, 279, 1105, -594, 1332, 255,
-356, -186, -540, 1898, -873, -477, 1404, 30475,
370, -322, -337, -206, -440, -894, -54, -466,
-640, -408, -256, -560, -1503, 626, -573, -1684,
419, 407, 2076, 5022, 3143, -1135, -12118, -12082,
-1462, -2060, -5432, -1092, 1575, 1958, -968, 122,
958, -5312, 677, -1952, -12276, -1594, 1211, -1094,
1992, -11032, -2993, -834, -1297, -1139, 312, -1546,
-4253, 1191, 21, 2771, 639, -2514, 6623, 746,
1830, 2967, 1688, -14893, 7988, 4099, -97, 1165,
-2350, 65, -1308, 1834, -2084, 1683, 5118, -1633,
-10, -5282, 403, -1489, -264, 398, -2420, 12854,
-1498, -2642, -1486, 826, 699, -2213, -2296, 11849,
478, -2202, -561, -250, 199, -2433, -948, -402,
433, 403, 13031, -124, -180, 1499, -643, 527,
11368, 5833, 938, 3202, -452, 2875, -1163, -117,
-2047, -1068, 211, 3122, -236, 13548, -702, 352,
-312, -1901, -2145, 2334, -12100, -76, -419, 362,
3501, -220, -3086, 572, 1537, 3240, -1489, -1012,
640, -513, 930, 390, 31019, 724, -78, -706,
183, -157, -122, -847, -1156, 301, 508, -456,
321, 317, 1300, -512, -1743, 10190, -294, -116,
4183, 1374, 13360, -1339, 1832, 2547, -702, -2782,
-1464, 1176, -1287, 2256, 2169, 836, 2096, -248,
1777, 11306, -211, 265, -3834, 336, 1936, -586,
633, 1037, -1915, 12862, 930, -273, 2333, -3239,
429, 374, 2518, -671, 570, -2208, 385, -284,
-15613, -1752, 1341, -531, -744, -1111, 290, -2302,
-1012, -2933, -366, -30, -4595, 1400, 560, 48,
15739, -945, 411, 1876, 2441, -2144, -1222, 12448,
54, -726, -2743, 2548, 2100, 1307, 408, -198,
-1802, -63, -1919, 933, -329, -528, -15918, 1704,
3028, 217, 606, -2804, 2052, 9320, 592, 969,
6836, 647, -671, 584, -1, 3564, -2575, 436,
-2195, 414, -201, 1099, -772, -220, -578, -467,
125, -934, 271, -21476, 288, 215, 216, 476,
-560, 768, 1142, -169, -1112, -14096, -14436, 2769,
-1464, -61, 1373, -3539, -1067, 1175, -1549, -861,
-332, -1876, 3159, 340, 1711, -2453, 457, 2536,
1114, -2278, 2464, -3253, -466, 12291, 12484, -2868,
-800, 1142, -4244, -178, 3781, 1542, -663, 1976,
3105, 145, -100, -1774, -1039, 1627, 15540, 4194,
5392, 741, 1816, -544, -9100, 4255, -1083, -1266,
2580, -4200, 1934, 1721, 129, 2276, -2704, -1341,
-1310, -11926, -1478, 199, 755, 619, 4231, -478,
-1627, -1242, 1842, 13170, -2416, 778, 192, 273,
782, 774, 2188, -838, 3139, -1532, -1639, -1073,
-596, 770, -353, -53, 82, -322, -20584, -344,
-443, 158, -144, -554, 50, 954, -145, -336,
-2050, 596, -950, -2690, 13908, -13783, 4792, 879,
584, -2987, 967, 192, -585, -783, -1341, -3108,
-1622, 2478, -1362, -1470, -1556, -430, -110, -736,
-8097, 2073, 964, -417, 1669, -5425, -7846, 536,
12883, -1690, 1143, -242, -438, -2274, 57, 302,
-574, 637, 2816, -1642, 2166, -172, 893, 421,
-614, -565, -338, -526, -1085, -939, -1138, -991,
1919, 1720, -18845, -1950, -342, 1930, 321, 184,
-956, -374, -462, -216, -6, 26, 386, -50,
603, -720, 634, -252, 261, -860, 218, 22846,
11544, -459, -946, 452, -102, -1203, -1802, -1105,
-310, 787, -220, -1113, -2043, 650, 13767, -3638,
-296, -902, -413, 252, -816, -172, -505, -1335,
890, 768, -523, 808, -331, 20000, -264, 1763,
133, -1, -464, 949, -954, -147, 1780, -190,
30, -7422, -4615, -1006, -470, -742, 500, 7509,
1500, 1550, -3614, 810, 2595, 1506, -12926, 3588,
402, -2547, 1505, 65, 4, 3382, -2201, -2441,
-1521, -5450, -3820, 282, 5212, 1186, -1056, -2334,
988, 12987, 390, 4141, -2680, 1663, -8034, -1792,
-225, -674, -7147, 13254, 1631, 10163, -3332, -7,
-675, -735, 772, -2299, -326, 1641, -1174, -1911,
82, 776, 891, -445, 18590, 238, 1417, -2372,
-9718, -2682, 600, -1401, 604, -1791, -22, 1546,
-1764, 525, -1355, 348, 3260, 1115, 204, 524,
225, -12776, -679, -15595, -1188, 1078, 82, -859,
28, 819, -1220, 563, 2309, 331, -1158, -2010,
-264, -383, 1732, -424, -2742, -775, -329, 132,
391, 1261, 1033, -9812, -11829, 2433, 2690, 606,
-2724, 7216, -296, -1834, -1694, 456, -4732, -400,
-3192, 1428, -316, -13674, -2702, 2320, -6548, -2025,
1222, 1749, 4005, 2924, -3539, -5104, -2333, -1438,
2598, 62, -757, 760, 343, 154, -31947, -534,
1296, 697, 88, 345, -577, -500, -174, -326,
-198, 272, 157, -815, -636, -1163, -867, -273,
1054, 774, 1624, 989, 107, -1088, -673, 2143,
-22962, -566, 151, 72, -27, 1034, -444, 501,
1905, -1455, 21, 289, -10670, -789, -2421, -2686,
-327, 804, -3009, 907, 960, 1379, -43, -552,
2203, -1406, -911, -11094, -529, 4458, -4152, -70,
3162, -12546, 326, 874, 1426, 3019, 2315, 104,
-12516, -1591, -2877, 772, 1982, 1160, -4491, 3417,
-1524, -2139, 130, 930, 9359, -18308, -376, 4090,
-468, 156, -216, 60, -643, -3440, 256, -835,
-2389, 1660, -542, -1628, 4270, 3574, -3136, 433,
1069, 30024, 561, 268, 790, 294, 207, -1552,
-736, -97, -215, -98, 690, 686, -202, -736,
-453, 655, 511, -156, 1006, 361, 1424, -1254,
-361, -1253, -1419, -290, 78, 555, 565, -488,
-923, -18193, -630, -908, 188, 925, -1684, 241,
-319, -14478, 17007, -1415, 274, 592, 1344, 1784,
-731, 344, 992, 141, 290, 481, 628, 623,
-1166, -2092, 140, -1056, 13736, 754, 1980, -238,
2132, -1372, -2216, -12057, -1662, 66, 1742, 2209,
-962, -1574, -3044, 173, -3066, 183, -4476, -1016,
6160, 780, -1193, -3334, 179, -371, 244, 160,
-686, 669, 330, 426, 65, 159, -664, -186,
479, -742, 54, 605, 32603, -941, 370, -91,
856, 825, 1042, 374, 651, 313, 734, -240,
-49, -685, -1994, -604, -875, 44, -884, 886,
13012, -1506, -4317, -1926, 3050, -1027, -482, -40,
137, -2560, 1366, -11812, 2112, 2266, -2690, -1339,
-700, -243, 2322, -1042, 4635, -3210, 4281, 47,
670, 9218, 1165, 814, -62, -2276, 12987, -714,
2481, 1355, 896, 2840, -1664, 2048, -345, 2285,
1754, -669, 2284, -288, -575, 944, -1528, 44,
1071, -706, -543, -1347, 880, 257, 1364, 1444,
-17896, 99, 1539, 1813, -611, 355, -2290, 980,
-787, 132, 300, 2353, 204, -798, -296, -594,
895, 842, 18755, 1129, 79, -189, 515, 882,
-286, 109, 305, 374, 1323, 861, -18, -78,
294, -320, 674, 504, -159, -549, -95, -32403,
-90, 658, 1082, 1611, -137, -74, 1160, -794,
-55, 822, 2627, 1203, -3540, 9829, -7860, -9063,
-4015, -894, -2218, 729, -879, -1869, -2446, 4050,
-488, 13211, -290, -820, 371, 14196, 866, -891,
218, -1838, 2162, 1144, -186, 512, 1416, 546,
3298, -1253, 128, 1202, 557, -1967, 680, 545,
-139, -3008, 18453, -3322, -137, 163, 1377, 1116,
2572, -1577, -1846, 651, -1319, 796, -862, 331,
4383, 2453, -1894, 3264, 14137, 842, -3087, 3740,
-1100, -2400, -1364, 2406, 417, -2393, -868, -3158,
-9712, 3480, -1403, 1896, 201, 1285, -593, -11718,
99, -539, -186, 45, -2266, -12228, -2658, 2802,
-1198, 1022, -3840, 1401, -1918, 1655, 1725, 96,
-205, -913, 1629, 568, -1285, 1264, -1160, 594,
223, -336, -1436, -472, -19792, 553, 1494, -195,
570, 282, -653, -54, -1115, 153, -484, 141,
-188, -278, -173, 464, 13, -634, -42, 390,
-464, -246, 622, 1229, -692, 29175, -574, 1150,
-135, 2685, 2452, 63, -962, -918, -1657, -1978,
-172, -677, -3414, 1345, -3964, 2875, -1412, -654,
-3000, 10739, 11348, -2232, 516, 8303, -189, 2564,
-150, -373, 903, -275, 2394, -1135, 508, 424,
-1704, -2222, -3789, 1938, 216, -12702, 2488, -1364,
-2175, 1114, -819, -2756, 1564, 952, 36, 609,
-933, -1568, 110, 143, -1575, -4236, 528, 15042,
-1920, 348, -2623, 5217, 1911, -1088, 259, -590,
364, 2081, -3585, 662, 249, -119, -111, 778,
2167, 11, 2500, 7182, 14452, 4388, 4121, 3623,
1598, 532, -507, 877, 3830, 372, -2184, -2810,
11748, -2095, -1079, -3070, -768, 2901, -3587, -2572,
10008, 563, -4588, 1026, 1117, 1879, -12004, -416,
317, 2032, 1800, 1058, -84, -296, -1748, 2588,
-11019, -1627, -3264, 2480, 96, 2146, -2672, 2418
