-116, -53, -24868, -544, -783, 97, -912, -1202,
-622, -147, -215, -362, -16, -522, -1694, -358,
-724, 2628, 439, -18106, -1566, 3048, 4133, -1238,
-3233, -1130, -2884, -2762, 1031, -1037, 63, -2219,
10701, -1518, -10322, 1425, 792, -1820, 380, -777,
-3017, 1531, -1052, -3491, 1085, -428, -765, -113,
42, -265, 365, 99, -859, 35, 610, 44,
-495, 262, 1689, 2082, 21605, 412, -717, -1163,
-3285, -5062, -1583, 599, -277, -62, 615, 6014,
-1781, 465, -544, -14114, 11277, -20, 696, 663,
1156, -240, 631, -2802, 333, -2544, -1628, 775,
-960, -553, 496, -378, 526, -421, -426, 290,
555, 403, 390, -31714, 25, 449, 654, -334,
-1317, 165, 496, 1554, -88, -777, 626, -1511,
-9020, -1725, 12705, -798, -1240, 195, 1932, -833,
-939, 43, 182, 2547, 4879, 9234, 370, 2058,
-7757, 544, 1106, -660, 546, 9983, 225, 124,
952, -2153, -1732, 2760, -1270, -176, 3334, -6735,
-526, 10475, -627, 7835, -2263, 475, 731, 908,
8264, 1605, -192, 5026, 2414, 5223, 595, 1093,
2345, -796, 8663, 1028, 8188, -185, -1506, -3044,
-100, -1818, -6369, -170, 1728, -9249, 886, -2111,
-349, -1146, 2127, 11622, -8043, 2880, 2215, 1693,
-2303, 1698, 1121, -3575, -927, -716, 1940, 2514,
-11672, 1619, 916, -7, -585, 508, -1316, -972,
778, 9774, -2126, 2368, -56, 6716, 1169, -3656,
-1330, 9530, -12158, 1188, -11426, -353, 945, -1941,
1750, 962, -1133, 1793, 2318, -2641, 1109, 933,
804, 505, 60, -1642, -2238, -2328, -1558, -1568,
-27, 952, 4, 1376, -862, -18404, -1828, 4107,
-454, 52, -1202, 1150, 686, -1950, -497, -10883,
400, -422, 1734, -54, 11165, -3309, 6402, -877,
-19967, -400, 1642, 1305, -2432, -3115, 375, 3898,
1812, -5305, -946, 1717, -757, 3322, 126, 747,
1836, 9957, 1904, 658, 13043, -1779, 675, 716,
-453, 670, -1572, 210, -1533, -133, 294, 546,
-24084, -1036, -485, -117, -184, -624, 273, -901,
866, 609, -1119, 28, 250, 13, 70, 1178,
882, -632, -21624, -1339, 926, -1814, -1279, 1868,
-181, 383, -679, -1070, 5091, 1148, 1034, 2144,
-2779, -3810, 4536, 1713, 1003, 13322, 2866, -3217,
2508, 4395, 480, 14, 167, 763, -34, 1034,
-1342, -1349, -100, -225, 464, -914, -1403, -1851,
23767, 770, -457, -257, -1072, 1201, 583, -59,
2627, 1469, -7, -11642, 3352, -1003, -6, 11588,
-311, -2435, -2180, -2352, 1952, 5532, 1945, 7281,
504, 11882, -603, 45, 42, -1396, -1115, -1041,
-1061, 566, -2733, -765, 687, 118, -1174, -20412,
-244, -986, -151, 2888, 1102, -1303, -135, 529,
1186, 13220, -183, 906, -4209, -4455, 2247, 246,
-6474, 2794, 1450, -6495, -1819, 598, -438, 244,
-1064, -673, -672, -1563, 543, -2278, -3087, -811,
1866, 80, -18987, -682, 569, -551, 514, 6876,
7582, 839, -4031, 823, 2342, -1300, 1180, 702,
-10168, -1957, 485, -374, -151, -11066, -461, -12824,
-1221, 1281, -718, 2012, 330, -289, -487, -207,
-722, 394, 156, -2023, -11006, -373, -4, -238,
10581, 991, -1236, -814, 553, 1295, -2269, 2783,
-1973, 681, 9759, 3674, -1680, -12118, -1340, -2372,
-288, 2143, -328, 809, 312, 2038, 736, -10,
908, -11319, 74, 6362, -1122, 1546, -184, 1630,
-1851, -2143, 1048, 8858, -462, -6458, -1540, 811,
130, -3542, -10424, 9353, 388, 1168, -1797, 1796,
-4151, -2329, 1, -272, 846, -642, 248, -1144,
-9863, -1684, -190, 7611, -4147, -692, 5354, -2363,
609, -4926, 3166, 2094, 857, -369, 118, 725,
-899, -601, -6, 556, -32540, 950, -478, 757,
136, -560, -754, 562, -448, 223, -704, 616,
365, 22610, 1191, -1264, -94, 927, -294, -1270,
-16, -2520, -2026, 420, -6621, -504, 9666, 452,
-379, -1888, 536, 1161, -3021, 609, -4890, -231,
3926, -943, 32767, -615, 300, 870, -742, 429,
-42, 155, 1060, -900, -347, 34, 491, -3625,
-1529, 10175, 178, -7938, -406, 1628, -362, -7340,
-433, 489, 568, 674, 536, -2886, -6118, -16,
-531, 182, 1498, -4194, -306, 63, -1429, 1109,
631, -10386, -16, -5938, -52, 10638, -793, 35,
-874, 1633, -252, 709, -286, -780, 17172, -32,
912, 137, -1684, 2781, -5637, 338, 10961, 1401,
176, 1890, 563, -371, 578, -235, -882, -616,
-591, -672, -821, 12194, 917, 778, -427, 358,
-1411, 2032, -1372, 1891, -1784, 1830, -1808, -464,
13973, 2016, 8606, -914, -7329, -1853, -2627, 2219,
2628, 2161, 2185, 2414, 8857, -273, 1016, 2253,
1070, 907, 367, -430, 574, 1039, 93, 170,
255, -267, 550, -668, 287, 1827, 19833, 244,
-3731, 4, 21365, -127, 356, 643, 2016, 3290,
1242, 46, -734, -2298, -316, -6618, -296, -1465,
657, -1451, 469, 212, 2823, -2803, -11862, 931,
44, 660, 1576, 1848, -10529, 2813, -1163, -260,
-195, 16320, -3447, -262, -76, -439, -3487, 1292,
3330, -616, 1477, 1900, 8843, 81, -846, 6845,
-95, -112, -231, 129, 6982, 165, -3115, 2456,
2032, 12201, 2747, 1691, -728, -1935, -239, 968,
15578, -2260, -1813, 440, 2188, -3845, 1278, -136,
-1388, -7850, -462, 2921, -1740, -136, 164, 103,
-206, 32767, -459, 1249, 736, -590, -797, 628,
612, 327, 396, 552, -128, -76, -258, -557,
429, 170, 532, -347, 169, -593, 28319, -633,
-1339, -997, -258, 324, 628, 3254, -1118, 8902,
-63, 4762, -2820, 2429, 820, -46, -5366, -2193,
-9005, -1304, -597, -10143, 555, -3000, 294, -1577,
-871, -140, 726, 3700, -2226, 903, -253, 10330,
-2946, 656, 725, -668, -920, 1653, 1312, 1623,
-1150, -11970, 2157, 4532, -340, -8648, -616, -1429,
-980, -30, 647, -474, 442, 5098, 188, -1258,
-8172, -10927, -4207, -112, 2501, -3241, -1949, 159,
-525, 1090, 420, 10418, -11897, 1072, -78, -1028,
3367, -2647, 3421, 2021, 2358, -973, 272, 27911,
472, -402, 1397, -927, -1032, -1274, 848, 221,
-2745, -710, -692, -409, 1922, 142, 594, 1053,
-11350, -791, 3767, 1569, 541, 11921, 134, 368,
-948, -2689, 896, -1193, 1190, 8514, 1436, 1017,
599, -3358, 4002, 12936, -675, 1044, -1210, 296,
-1109, 1992, 1282, 774, -13102, -608, -11145, 134,
278, 944, -888, 350, -1574, 189, -2542, 3476,
-3018, 3368, -9304, -1839, 533, -2, 1057, 686,
-11819, -1146, -973, 1594, 3526, -2890, -1528, 3489,
-475, -259, -9610, -475, -984, -3559, -742, 408,
-130, -2291, 899, 12177, -1934, -162, -3238, 1610
