-12451, 389, 917, 1238, -626, -904, -1877, 2328,
-12808, -1345, 406, 80, 383, -3841, 1188, -907,
2369, -13409, 11191, -2547, -532, 762, -1627, 680,
-2305, -811, -1118, 3232, 3413, -2010, -453, -6816,
-4100, 1643, 11209, 933, -2272, 1440, -2465, -6862,
186, 1563, -8468, -1832, -1166, -596, -326, 105,
-115, -352, -624, 31621, 129, -301, -615, -313,
-176, 620, -5, -1354, -3563, 678, -301, 621,
904, -769, -1314, -956, -2294, -362, 381, -2398,
17085, 100, 3962, -830, 18705, 237, -1296, 3534,
1452, 259, 1690, -3106, -3624, -316, -16, 5900,
2195, -1008, 14335, 14173, -1637, 1130, 1110, 499,
-1516, 500, -720, -494, -1010, -1264, -773, 1389,
212, 8036, 780, 608, -415, 931, -301, -2186,
2256, -706, 12972, -3461, -3695, 2073, -2768, -1525,
-7539, -441, -753, 4558, -8171, -1751, -6885, 4077,
6714, 53, 1090, -3006, 3688, -1162, -59, 302,
928, -450, 238, 10809, 353, 698, -476, 172,
-2198, -4377, -7518, 1605, 6348, 5147, -165, 165,
-463, -93, 1251, 671, 587, -402, -227, -462,
-27960, 215, -56, -958, -657, 508, 98, -2811,
-1443, 3076, 6218, -9760, -10465, -770, 345, 3076,
-116, -2884, 2215, -2652, 1306, 2638, -124, -317,
366, 1461, -295, 5073, 460, 1920, 12216, -7032,
6816, 3037, -2630, -1087, -1315, 123, -582, -2137,
5061, 291, 1740, -214, 1920, -3470, 10895, 9491,
3558, -1256, -448, -10304, -2391, 1890, 484, 11057,
6636, 422, 2316, -1663, -348, 633, 1200, 1788,
-1124, -24435, 140, 869, 738, 223, -1429, 602,
433, -196, -1127, -1937, -879, -310, -564, 1022,
-4380, 7247, -3938, 4461, 2219, -8465, 9266, -4564,
-3169, -3463, -477, 749, 2460, -776, 294, -171,
1072, 1748, 1000, -208, 1908, -998, -1898, -10485,
2360, -11950, -2412, -2609, 3885, -2738, 1348, -559,
-1342, 9366, 1560, -816, 1178, 342, -175, 1286,
3014, 10641, 246, 3128, 6618, -305, 10906, 6359,
-4395, 1415, 196, 11136, 1772, -3047, 3313, -1231,
-1974, -3021, -1480, -1345, -830, 1551, 2521, -506,
7821, 7715, 5078, 8215, 2102, 1552, 2247, 3766,
-3158, -1811, 631, 3980, -397, 9030, -1267, -1974,
1539, -360, -315, 796, -4749, 2076, -1017, 717,
2290, 11212, 9365, 1626, 379, 2060, 1329, 4,
-25, -1348, 566, -1266, 1670, 2166, 13123, 42,
2416, -2170, -6380, 172, 316, 40, 300, -487,
402, -220, 846, -894, -1413, -2227, 1962, 19478,
-14756, 14377, -582, -770, -186, -1008, -1520, -722,
-885, 2622, 311, -753, 480, 539, -1011, -1748,
-832, -603, -2015, 869, -14860, -600, 2110, 484,
-5874, 1532, 3290, -222, -4670, -33, -794, -2061,
-1185, -96, 337, 515, -1887, 26, 20283, -455,
-799, -62, -1083, 236, -1721, -569, -1259, 361,
1090, -226, 1480, 13367, -638, 940, 3736, 6419,
-5995, 830, -6599, 4549, 1583, -9001, 1104, -1281,
-1270, -94, 1104, -2076, 652, 2263, 1465, -25,
9046, -8139, -2646, -13200, -534, -15244, -1448, -1390,
452, 584, -314, -1192, 951, 885, 396, 776,
1303, 1298, -448, -32641, -234, -62, 31, -164,
-1042, -82, -26, -272, -559, -164, 669, -500,
516, 1347, 9615, 1123, -1346, -1898, 8341, -10583,
2286, -5233, 1503, 454, -2024, 4248, -2298, -2117,
13390, -849, 2078, 1096, -651, -12232, -374, -812,
-3729, -829, -144, 1213, -469, 1112, 1146, 816,
818, -912, -967, 907, 12, 2443, -759, -1833,
-174, -838, 488, -1560, -18242, -558, 5510, -1316,
1758, 3957, -7130, -1394, 4962, 3870, -1907, -9247,
2217, -3880, -4413, 1893, -3085, -202, 599, 1307,
1574, -1070, -2593, -2722, 9506, -10170, 1105, 4879,
2208, 38, 5596, -5990, -3205, 35, 9405, -219,
618, 1308, 353, 3457, 1712, 717, -12937, 25,
2176, -2590, -1223, 528, 1318, 4588, 7678, 5743,
-8430, -4487, 1364, 8082, -1727, -387, 469, 3172,
401, -2771, 694, 14554, -2278, 3640, -11084, 924,
-593, -3841, -4338, 227, 750, 2974, -2834, -1765,
2133, -1181, 5149, 11758, 11949, 3538, 2442, 2801,
1457, -822, -3419, -2468, 191, -646, -975, -1271,
832, 3088, -495, -10022, 1817, 1319, -880, 1342,
-1448, -3597, -3310, 8753, -161, -6550, 1422, -640,
-508, 11542, -277, -165, 837, 7389, -942, 11009,
-97, 1548, 1418, -445, 2105, -946, -8676, 5274,
8842, 576, -1392, -1737, -1276, 5491, 312, 3624,
2806, 2157, -537, 1656, 1982, -1300, -146, 463,
496, 16792, -140, -1755, -832, -2123, -399, 5811,
-702, 2891, -3630, -1843, 346, 508, -364, -498,
-558, 32048, -744, 90, -372, 430, 704, 871,
139, 772, 696, -108, -18, 310, -411, -798,
465, -165, -321, 745, -27861, -752, 499, -215,
172, 35, -196, -770, 274, -546, -96, -470,
-8976, 9156, 581, 904, -4644, -7801, 3525, -607,
6444, 4058, -696, -1107, -632, 1475, 196, -933,
883, 1101, 278, 433, 544, -497, 4, -1882,
1504, 594, -30386, 218, 211, 850, -989, 319,
-867, -42, 754, 498, -70, -562, 660, -11561,
54, 803, 425, 966, -1017, -1224, -12630, 1834,
-41, 98, -1083, 3508, 1750, -1751, 72, -503,
-38, 22211, 252, 88, 221, 690, 82, -1340,
508, 638, 832, 482, 51, 7954, 2702, -1176,
8830, -311, 2536, -6072, -4147, 5234, 494, -157,
-1289, -5678, -1617, 1508, -140, -55, 713, 440,
-32583, 105, -394, -613, -972, 578, 1122, -32,
114, -228, 342, -1237, 1123, 1126, -188, -106,
11308, -3787, 563, 3423, -9926, 1623, -2551, -1448,
-4125, 918, -1366, -476, -66, 4, 761, 164,
-61, 20445, 238, 296, 492, -1126, -98, -1201,
14, -1840, -865, 1178, -869, 105, 907, 248,
1538, 2990, 11691, 7783, 1566, -6704, 2397, 594,
-1825, -383, 4264, 1911, 468, 1018, -676, -2676,
-7756, -2623, 10705, 2710, -8078, -5256, 1699, -2100,
-355, -2086, 10828, 611, 18, -830, 978, -4181,
1324, -5262, -327, 1796, -9777, 1306, -1934, -8930,
9520, -2364, -3997, -10209, -6326, 1394, -1758, 868,
1192, -2916, -23, -1586, -296, 438, -279, -14171,
-1554, -206, 2383, 506, 1181, 8298, -491, -2771,
-4286, -7116, -1680, 506, 1729, -12965, -925, -985,
420, -1746, -267, -478, -11763, -1030, 187, -3878,
1516, 2472, -371, 29, 809, -1700, -152, 560,
1833, 14397, 968, -96, -3242, -2497, -76, 2096,
9593, -1200, 446, 1505, 8058, 1722, 501, 923,
-1171, -9516, -2536, 7368, -2, -5304, -2440, -352,
510, 320, 301, 120, 687, -942, 137, 824,
-316, 1312, 510, -1133, -27448, -404, 1041, 272
