32767, -749, -1885, -806, 739, -1858, 3902, 1029,
332, -2122, 1240, 2705, 1362, 190, 1058, -1404,
1224, 1122, 1208, 190, 1984, -1355, 1694, -21000,
-1012, 2418, -1269, -1154, 1113, 2291, -2317, 315,
12872, -2296, -1510, 1104, 11324, -1146, -1018, 1326,
-902, 168, 647, -1828, -3838, -5682, 2732, -238,
-134, 13450, 1570, 2424, 996, -3494, -3720, 4897,
5875, 149, -6367, 6659, -2329, 6916, 1134, 425,
-19014, -479, -1900, 3470, -1777, -811, 1723, -46,
-2103, -1298, 2929, -4279, -639, -2443, 7231, -1187,
-2145, -777, -3287, 4895, 8878, -9318, 289, 4015,
-3148, -598, 2226, 11700, 114, 3237, 9586, -4570,
2592, 3614, -2272, -2829, -3356, -1095, -5290, 4709,
-1867, -1930, -20722, 937, 892, 1415, 1544, 2950,
5090, 937, -1411, 123, -31, -1568, 338, -938,
5465, 5796, 480, -2782, 3351, -2489, -383, 1529,
-5686, 2446, -693, -12796, -599, 1894, -1576, -2244,
-4686, 10165, -1085, 10050, 2681, 1138, 2544, -1809,
-806, 5278, -8730, -3740, -2343, 971, -3254, -165,
-212, -4164, 850, 233, -13694, 442, 1073, 3854,
-12926, -2001, 3468, -765, 829, 2174, 1531, -6036,
-10848, -11009, 803, 1713, 2884, 1992, 75, -2989,
268, 346, 1998, 4798, 8976, -4632, 1863, -4127,
-612, 4790, 10946, -1296, 8009, -1351, 356, -1711,
313, 2301, 1318, 8050, 700, 1218, 2270, -2156,
67, 1537, 1941, 3442, 13321, 691, 2344, 2594,
1551, 3853, 7279, -10441, 1006, -11862, 5532, -611,
-582, 2257, -2873, 3993, -5133, -2264, -2478, 1576,
1834, -4931, 10264, -1429, -10404, 393, -3715, -1470,
-2003, 384, 4869, -6780, -1297, 1572, 1043, 6980,
-4382, -3005, 3698, 4176, -1348, -4972, 1574, 9815,
-5995, -979, 3609, 3702, -8503, 668, 3354, 2552,
9183, -1175, 1224, -2859, 11176, 6088, -1355, 84,
1271, -380, 5336, 299, -690, -365, -8047, -3679,
-3204, 1334, -13451, -1392, 2200, -3646, -1046, -4292,
741, -1701, 1722, 2061, -1358, 7266, -6356, 963,
2190, -1349, -1882, -14128, -4662, 3552, 565, -1109,
5413, 1239, -2618, 794, -2064, 11805, 9004, -2134,
2804, 946, 80, -2387, -1205, 11, 1642, -1825,
-2324, -5018, 4208, 5285, 661, 12430, 1907, 784,
10864, 340, 18, -138, 2885, -2247, 17, 334,
-3172, 2977, 970, 536, -1540, -516, -488, -512,
-1334, -1930, -2418, 1078, 24837, 12, 2060, -252,
-2536, -2206, -3179, -6785, -8842, 8736, 1393, 119,
1652, 10126, 856, 855, -742, -289, -2208, 3831,
6909, -6556, 2472, -245, -1729, 1460, -3014, 59,
-58, 132, 3903, -3762, -1419, 13273, 2708, -7752,
84, 3525, -1305, -334, -13421, 5931, -4845, -2697,
666, 558, -1102, 632, -2946, 4153, -4018, 4516,
4875, 4460, -1567, 2233, 386, -754, 1256, 2145,
-1692, -13046, 1581, -518, 4397, 1215, -723, 3413,
-640, -5088, 1711, -714, 2536, 2433, -691, 10758,
-8764, 5541, -2071, -1662, 12955, 12998, 1252, -94,
802, 2573, -2557, -66, -832, 106, -728, 1050,
-811, -2684, 629, -16524, 1531, -1617, 1348, 204,
1722, 368, 554, -1752, 114, 1349, 1952, -1007,
2626, 2035, 8148, -2539, -4296, -4460, -8542, -3089,
-1543, -857, -2617, -1765, 6642, 2167, -1531, -6881,
86, -414, -5896, -5152, 17445, 1129, -5006, 2936,
-3432, -2226, 1176, 972, 1170, 530, 3390, 260,
-2909, -3550, -5255, 1771, -382, -1690, 17070, 2688,
566, 2430, -1768, 3373, 1460, -3464, -629, 3119,
430, -3554, 8357, 7075, 293, 2955, -61, -6919,
-4939, 3678, -6852, 652, 2206, 5918, -2768, -3022,
5721, -770, -1102, -1057, -2760, 3086, 5611, -160,
2714, -1042, 2569, -14248, 3846, 8212, 5392, 144,
-11896, 618, 1212, 3283, -3777, -715, -3870, 2528,
-2900, 1645, -1786, -1852, 2776, -1348, -586, 234,
-4, -1666, 46, 2095, -1987, -18728, -2980, 2501,
4042, 79, -1849, -2013, 8047, -1898, -108, 340,
-4760, 2134, 9000, 347, 10365, 4779, 6660, 1694,
-3253, -2282, -1488, 10406, -8054, -3414, -2934, -1611,
3172, -2195, 4973, 1249, 2888, -4054, -5738, -2995,
-2282, 1977, -353, -516, 5322, 3225, -4907, 1303,
-4656, 9947, -236, 9382, 2332, 2076, 1470, 3173,
4712, 2645, 559, 4904, 1511, -1715, -4856, 5750,
-1276, -306, -5980, 14393, 1443, 85, 156, 7718,
793, 4199, 2122, 1098, 128, -1996, -1397, -20,
-534, -13296, -1518, -2970, -1001, -6474, -6146, 8337,
5476, 3058, -526, -1295, 1623, -8791, 1257, 2006,
-5725, 3035, -2917, 1280, -8479, 5934, 9870, -13131,
14, 1088, -9, 1969, 366, -3214, 192, 2764,
1499, 346, -2031, -2900, -2529, 1072, 11717, 5206,
-44, -2514, -8900, 2892, 2132, 3635, 3735, 2726,
1398, 6035, -2830, -4568, 424, -8696, 1368, -3860,
1823, -2620, 4546, -2210, 1660, -1672, -10524, -484,
950, 11, -4494, -6220, -5653, -13332, 2868, 460,
-4120, -4030, -3277, 522, -3403, 1126, -170, -1892,
-4366, 1304, 3477, -1507, 1111, -594, 1670, -8416,
-1690, 2492, -7109, 2531, 4131, -8123, -4884, 16505,
-240, -63, 32099, 974, -1360, -2395, -2005, -1156,
-877, -416, -922, 1857, 766, 71, 1380, -259,
-272, -1924, 2498, -3290, -16045, -2064, 2966, 2936,
-1265, 2121, 488, 3781, 1484, -1193, 4776, -1001,
-669, 1569, -379, -604, -5, -1943, 757, 359,
-560, 118, 17941, 2323, 215, 7621, -3582, -8130,
-698, 9893, -2752, -417, -1262, -1504, 3319, 1186,
-2192, 3014, 781, -3602, -6190, -7725, 3169, 2038,
1175, 612, 2477, -4136, -12152, 4538, 567, -116,
-3222, -470, -118, -9257, -635, 3078, -11596, 93,
-4178, 4150, 5985, 4414, -2110, 542, -1125, -1242,
-234, 807, -1385, -2448, 824, 109, -1826, 3032,
269, 14188, 3468, 908, -12, 2290, 5758, 1685,
680, 5963, -2763, -173, -34, 3135, 1230, 2226,
2471, -9546, 2266, -1583, 729, 3506, -10664, -652,
2212, -620, 2762, -751, -6337, -4339, 4131, -1234,
5423, -2279, -2884, -929, -12582, 416, 2046, -3854,
11130, -2738, -670, -202, 6216, -7266, 9726, 1308,
-1761, 4696, -1061, -144, 482, -1586, 4377, -5016,
-3894, 2296, 4340, -555, -3003, -2117, -962, 100,
4548, -1870, -13885, 1351, -3226, -8114, 377, -391,
-1344, -2148, 4756, -3518, -14429, -670, -238, 400,
1234, 4389, 1181, 1046, 425, -32, 840, -29846,
1580, -992, 1844, 1961, -1305, 1055, 418, 52,
-641, 2430, -1773, -5323, 3341, -5367, 14027, 3051,
3864, 404, 4186, -1875, -5822, -4321, 112, 395,
-177, 1080, -3008, 520, 8, 226, 1430, -1635,
8, -2632, -3249, -3595, 622, 564, 8404, 14463,
160, -7828, -4113, -16547, 848, 6320, 2311, 4074,
-2050, 668, 1463, -2322, 1790, 864, 317, -594
