-17338, 5737, -912, 5906, -5315, 920, 2743, -2232,
1943, -753, 1696, -1818, -2272, -564, -1306, -527,
-156, 9952, 36, 2524, 2053, 1841, -1670, 10622,
2532, -5616, -324, -1132, -1148, 1920, 10232, -75,
-630, -10796, 1618, 1104, -2557, -603, 2115, 966,
-3763, -3183, -851, 4502, -1565, 10062, 313, -709,
10707, 867, 3820, -2747, 3470, -1942, -486, 4092,
-6289, -2363, 556, 3190, 5046, -1869, 2886, 10572,
-948, -4191, 1544, -1727, 721, -3153, -712, 934,
1610, 1070, 1248, 10645, 2340, -11102, -2744, -353,
-65, -4973, -1782, -1037, 1210, 1192, 1138, 1106,
9422, 652, -9595, -1663, 460, 9107, -2827, 775,
1131, 4732, 93, 476, 387, 32767, -161, 266,
-406, 604, 675, 83, -589, -639, 220, -830,
2200, -142, -2000, -128, 902, 823, 287, 717,
1857, -1626, 208, 2784, -72, -19310, 6190, -2063,
-9101, 3419, 1721, -2092, 332, -6533, -7594, 1138,
807, -2582, -668, 410, -497, 1526, 96, 944,
3319, 1294, -335, 1964, -380, -618, 3069, 101,
18964, -2298, -10304, -1190, -998, -1384, -11466, -256,
-4475, 4027, -3532, 1828, -1311, -3417, -3925, -221,
27688, 2277, -1227, 1043, -399, -3327, 515, 1665,
-616, 2724, -546, 4608, -576, -103, -9064, -1281,
-563, -3588, 2174, -824, 3379, -2360, 354, 844,
-7044, -2295, -2613, -11152, 1006, -1064, -17007, 1180,
387, -8448, 836, -578, 2621, -356, -1476, 2362,
822, 4547, 118, -11628, 352, 367, -958, -12423,
-65, -1591, -2304, -2880, 1684, 1708, -1693, -781,
-71, 10012, -534, -3672, 417, -2048, -1955, 10491,
-1257, 861, -414, -4058, 3042, 1529, -5823, 6877,
-3918, 993, 221, 2576, -7780, 170, -648, -139,
-3410, 7974, -756, 2657, -596, 12527, -199, 13752,
2198, -938, -2265, 1736, 257, 1517, -676, -1165,
-2874, -2433, 123, -829, 2605, -10270, -3158, 3624,
2072, 6960, 1490, 4634, 455, -8175, 1139, -4545,
-1491, 3727, -8738, -1951, 593, 14, 2897, 2490,
-2273, -1436, -10992, 3005, -4392, -3434, -4561, -1014,
-9506, -1609, -1248, -1593, -190, -10472, 3264, -2274,
5097, -633, 473, 427, 725, 1577, 11032, 318,
-12228, 78, -1116, 441, 1930, 4041, -648, -4324,
-224, 2738, 8826, -40, 327, 1761, 2371, 171,
4039, -3411, -2495, 1150, -12181, -1704, 35, 528,
417, 626, 1866, -472, 466, 905, -854, -875,
1194, 24371, 488, 26, 695, 1777, 798, -169,
-16, -1252, 395, 871, 1170, -635, -1637, 2094,
-5427, -16393, -384, 3872, 33, -687, -1777, -4160,
3020, -1906, 3868, 699, -400, 6755, -3253, 12699,
1474, 7312, 991, -646, 26770, 2524, 2144, -500,
1096, -1869, 1036, -1707, 521, -2091, 1445, 2335,
107, 238, -227, -120, -32768, 591, -257, 867,
-1231, 650, -465, 356, 431, 762, -516, -594,
512, 242, 2298, 1012, -1538, -11748, 3551, -5608,
-2174, -2428, 10557, 625, 1002, 27865, -589, -1527,
-1552, 156, 1905, 1041, -4190, 2300, 1603, -980,
-1764, 484, 1555, -2664, 381, 11676, -8848, -3060,
675, -646, 736, -1279, -1261, -1988, 543, -1880,
1917, -2165, 2846, 11863, 2076, 10381, -307, 4354,
73, -2788, -2464, 964, -218, 1552, 1846, 1470,
577, -594, 725, 30798, 43, 13, -1474, 260,
1218, 1433, -114, 1020, -648, -678, -1879, -65,
791, 366, 8547, 931, 1091, 1018, 16312, -1116,
-777, -1098, 404, 180, -899, -2865, -10089, -751,
40, -2358, -2980, 3574, 7905, -190, 9207, -18,
-18766, -270, -5300, -2023, 2422, -1189, 1267, -1085,
-704, 6823, 2164, 2, 125, -2319, 411, 591,
-488, -566, -3394, 304, -12375, -268, 11098, -150,
-2392, -1255, 3172, 162, 1295, 5897, 7944, 6019,
3329, -2014, 2957, -4933, 4805, 2780, -5453, 2680,
3220, 2784, -549, -19908, -1222, 550, -3540, 1822,
4082, 2399, -6844, 2145, 938, -597, 122, -20,
-14986, -1620, 1575, 561, 408, -6305, 760, 1634,
2652, -8301, -2988, 1864, 2524, 3228, 7466, -2620,
410, 1364, 1740, 2204, 1999, 1704, -2601, -351,
-104, 10688, -7166, 134, -346, 11852, -13322, -3171,
-1230, 1109, -2336, -962, -563, 1030, 2832, -969,
-1997, 3233, -414, -8246, -2074, 2737, 3557, 1625,
1036, 845, 1848, 1710, -10388, -4586, 6915, 2734,
-8693, -667, 1568, 1758, 2396, -3262, -2497, -1472,
-11848, -689, 3379, 1692, 1449, 2844, 8524, -15598,
337, 590, 3303, -1594, -2548, 4529, 433, -1921,
920, 1061, -1693, 191, 44, 957, -2397, -1126,
41, 2164, -1587, 568, -17290, 4687, -1028, -403,
1169, -1282, -1602, 242, -1234, 1870, 1067, 2444,
1752, -2552, 8775, 1384, 5683, -4770, -12436, -680,
-13344, -196, -276, -299, 734, 12378, 2364, 327,
-1494, 560, -90, 3394, 496, 2357, 629, -17,
1040, -706, 589, 294, -1135, 25012, 444, 1206,
-298, 1424, 1524, -2188, -64, -1101, -1998, 374,
1377, -1382, -11349, 1456, -171, -2369, 6966, -2808,
-8987, 3390, -811, 671, 3032, -3396, -9815, 2246,
4418, -678, 1851, -1592, -11038, -1194, -3612, 2589,
-250, -495, 1203, 1348, -805, 1853, -345, -555,
-8755, -9695, -3768, -1506, -8172, -322, -7163, -6319,
2052, 116, -4459, -2328, 4857, -2569, 1419, 959,
1138, 7034, 4836, 3449, 6826, 13411, -893, 981,
-2060, -3710, 3177, -761, -1128, 4386, -127, 6698,
3426, -2922, -61, 408, 1426, -1238, 15468, 94,
373, 3597, -2432, -1989, -859, -8976, 2938, -777,
409, -206, -7758, 3384, 295, -466, 29, 7925,
2048, 930, 2296, -10030, 330, 7864, -1004, -385,
2130, 388, 3587, -4480, 1560, -12768, -2606, 8178,
771, -3519, -1590, -592, 2192, -1126, -77, -3947,
1868, -1304, 11107, 781, 6240, 4134, -3314, 407,
-6125, 5168, -503, 2155, -990, 143, 219, -9950,
-1186, -1446, 1930, -8963, -4084, -6141, -976, 153,
-13665, 564, 13631, 138, -269, 379, 1333, -1710,
-940, -511, 1214, -2190, 1347, -1397, -1321, 94,
-1802, 6627, 1306, -12347, 2780, -1091, -4362, 5047,
-446, -3472, 6064, 1075, 478, 769, 58, 802,
562, -1581, 28580, 194, 1338, 573, -555, 617,
-409, -1249, -8, 1133, 952, -120, 2502, 5313,
969, -1664, 1769, -12199, 5551, -402, 4862, 3270
