-14497, -1982, 631, -984, -2115, -3252, 2755, 2017,
-2110, -8864, -792, -1291, -2761, -2365, 698, 1047,
972, -14703, 10590, -3945, 663, 972, 1204, -2801,
1295, -1296, 50, 1448, 888, -1879, 122, 78,
-183, -588, 16202, -388, -2240, 1136, 1266, -6445,
2619, -1664, -6329, -2700, 1557, -497, 598, -110,
1298, -334, 191, 29897, 387, 419, 76, 152,
533, 78, 112, 101, 158, 136, -236, 88,
43, 107, 84, 21, -6385, -1711, 1757, 1411,
9152, -72, 1428, -1098, 10328, -506, -360, 285,
-36, -2816, 819, 88, 176, -481, -172, 2067,
3268, 5479, 8605, 11272, -1880, 361, 1582, -4973,
-1379, 3835, 74, -3, 493, -431, 1390, 101,
-550, 59, 476, -469, -583, 568, 732, -1015,
-1104, -698, 23922, 1130, -1268, 280, 204, -59,
-9789, -317, 935, 2944, -10402, -2564, -4648, 1506,
3834, -1002, 2805, -158, -409, 814, -150, -97,
-3573, -1550, 1356, 5350, -365, -2622, -3454, 310,
1194, 911, -10928, 937, 7980, -5286, -554, 1999,
-1263, -562, 10, -321, 744, 44, 64, -274,
-30136, 340, -1051, 756, -30, -6, -269, -273,
12, 95, 1565, -13194, -11810, -485, -1574, 414,
-240, -452, 564, 740, -476, 959, 1079, -1568,
-422, 37, -154, 10117, -68, 1412, 11862, -3420,
4169, 5178, 527, -1027, -1030, -1985, 448, -716,
1696, 1942, -254, 308, 1100, -790, 8102, 6630,
3653, -1018, -587, -6990, -19, 1671, 1425, 8089,
3708, -1182, 774, 659, 113, 437, 50, 835,
-532, -11209, 1682, -7490, -2592, 1234, -4689, -7301,
-143, 3361, 1121, 177, -473, 513, 136, 965,
-4020, 4639, -1212, 1271, 2905, -6865, 10499, -3800,
-3354, -5029, -3606, -950, 4490, 526, 1006, 2,
1760, 5819, -55, -1098, -1843, 348, -2062, -9196,
3712, -11466, -3218, -858, 2720, 589, 320, 861,
59, 5357, 564, -380, 538, -142, 490, 212,
1716, 670, 1904, -181, 2979, 943, 16916, 1271,
988, -802, -1490, 9154, 643, 1725, 1347, -2827,
-4096, 485, -7091, -3180, -4747, -1604, 1576, -5724,
6104, -139, 1726, 11715, 360, 7519, 2513, 5192,
-2208, -1993, 829, -387, -5724, 4418, 116, -2955,
-226, 249, 377, 2149, -2929, 5021, -3064, 800,
-1459, 11384, 8556, 1740, 368, -2839, -2049, 1438,
-1357, 4084, 1896, -528, 1621, -1760, 13741, 302,
-1018, -9774, -3521, 1302, 1374, 1139, 918, -1724,
-764, 858, 804, -1772, 372, -322, -526, 11924,
-11944, 4012, 1749, 1737, -1545, 68, 889, 280,
690, -2200, 1068, -484, -171, 455, -44, -3178,
2243, -590, 749, -792, -19876, 198, 236, 2695,
-3413, 652, 284, -820, -1134, -199, -112, -5650,
-418, 1047, 1090, 2260, -3297, -2164, 13524, 1720,
-326, 910, -1706, 3912, -1175, 1687, -2152, 50,
35, 1718, 721, 9316, -2256, -4330, 6961, 4432,
-8043, 45, 1370, 3472, 2892, -3224, 1368, 1355,
-562, -694, 746, 198, 1188, 2819, 3131, -2371,
6438, 847, 2111, -10187, -3451, -9826, -3502, 655,
649, 1460, 270, 118, 45, 192, 188, -1139,
-258, 663, -84, -27519, -765, -905, 357, -4,
89, -372, -24, 178, 1127, 209, 1177, -2762,
-587, 1488, 8989, 3217, -2550, 215, 9540, -7196,
1259, -3716, 2767, -261, -216, 872, -3008, -2076,
8682, 709, 3629, 87, -3114, -10624, 246, -1670,
-1738, 1229, 7624, -1120, 784, 305, 233, -185,
280, -1466, -268, 198, 499, 308, -2187, -1149,
-388, -38, -338, -1084, -19424, 40, 1958, -2240,
-86, 264, -9876, -1287, 4086, 3742, 2502, -10078,
4574, -1493, 1078, 3218, 2410, -364, 1049, 2638,
35, -1295, 200, -2847, 10818, -12064, 2375, 348,
-353, 2788, -821, -3196, -511, 146, 2015, 235,
-1094, 2622, 2688, -79, 5176, -884, -11814, 794,
2696, -6704, 3452, 1295, 3872, 2924, 4498, -166,
-598, -1213, 891, 5478, -266, -777, -5, -776,
1003, -1837, -156, 17910, 453, -297, -1545, 857,
-288, -308, -6373, 2045, -1846, 3007, -2236, -1904,
815, -2889, 4200, 8320, 9872, -614, -834, 3856,
414, -234, 1559, -7451, 3641, -1230, 837, -127,
2652, 411, -532, -12548, -1692, 1034, -2418, -968,
558, -1564, -1952, 307, -1064, -6776, 1588, -2636,
949, 8272, -12, -3468, 3481, 6588, 2580, 7393,
272, 1528, 1818, -2206, -349, -396, -11704, 1487,
9753, -4665, -24, 2084, -780, 5036, -647, 3668,
561, 1099, -1094, 534, 1270, -99, 1006, -476,
-528, 12481, 1589, 1593, -1682, 7022, 2664, 8702,
-563, 1082, -206, 87, -1978, -144, 228, 1232,
889, 14340, 65, -1061, 10510, -95, 649, 53,
-962, -383, 2479, 1322, -1798, 2840, -492, -419,
90, -680, 79, 1026, -20912, 1593, -742, 1086,
516, 699, 2393, -64, -2010, 46, -859, 111,
-440, 14281, 272, 797, -10141, -3734, 3126, -3050,
1300, 73, -1754, -1278, 1890, -2710, 704, 1160,
1, 269, -24, -622, 124, 138, -522, -510,
95, -402, -27306, -470, -214, -159, 396, -201,
-372, 122, 136, -1005, 744, 1949, -810, -2648,
-726, -384, 955, 1232, 1354, -345, -19485, 1056,
-193, 1257, -263, 398, -752, 602, 98, 793,
17, 20186, -189, -2615, -174, 166, 436, 411,
-1046, 374, -471, -253, 233, 8352, 1342, -1279,
9305, 2190, -3239, -5262, -3454, 1844, 684, 303,
-4434, -6041, -3495, -2482, 389, 353, 159, -14,
-29179, -511, -158, 92, -401, -36, -297, 447,
-605, 269, 85, 212, 8, -118, -130, 207,
13150, -8712, 2504, 1355, -3268, 1396, -4748, -2200,
-1560, 228, -162, 1179, 3024, 742, -860, 69,
10, 30006, -538, -489, -125, -214, 364, -682,
-283, 532, -134, 227, -448, -20, -266, 70,
2, 9310, 14858, 856, -493, -3357, 36, -248,
214, 281, -73, 3268, 745, -245, -1007, 146,
392, 36, 8042, 2953, -6603, -7697, 4425, -2498,
571, -2194, 3388, -794, -561, -2763, 1912, -3030,
225, 214, -27, 834, -10661, 437, -506, -535,
8397, 1332, -2406, -8868, -2972, 1385, 296, 865,
2318, 890, 244, -121, 226, 375, 896, -10381,
-2266, -3404, 983, 1255, 259, 11427, 455, -3041,
307, -2446, 476, 723, 18, -10224, 510, 552,
-654, -876, -465, 628, -12572, 786, -393, -4162,
938, -1327, -1695, -608, -1352, -131, -880, 830,
1016, 21875, -408, -1560, -500, -1682, 453, -930,
1316, -136, 434, -683, 412, 202, 233, 382,
-2002, -9267, -1034, 8710, 434, -8121, 3035, -3121,
1792, 2712, -1537, -1082, 854, 1337, -1084, 91,
-4485, 2545, -4412, -1930, -12234, -4802, 4641, 437,
-928, 2163, -3154, 521, -665, -1200, 2654, 931,
-388, -118, -1144, 133, 5089, -1194, -1528, -967,
-795, 188, 1918, 897, -7046, -7617, 7118, 5755,
-2724, -7894, -472, -360, -591, 990, -3032, 7742,
726, 5490, 9383, 479, -3032, -1904, 7158, 4706,
2442, -1576, -58, -156, -3977, -2696, 4195, -166,
3342, -1566, 3767, -4159, -5750, 5505, -7663, 4516,
-4073, -2612, 5136, -290, -666, 1282, 776, -566,
-602, -310, 1003, -648, 2928, -3159, 427, -1168,
-2702, -16990, -205, -343, -1196, -1980, 1653, -512,
-1820, -418, -3368, 3522, -1966, 4964, -5728, -5185,
-210, -1721, 10131, -7060, 3351, 334, -96, -3193,
-1713, -614, -2633, 147, -1552, -2363, -3724, -1731,
-7350, 5453, -2732, -2867, 12458, 416, 0, 4414,
833, 590, 1617, 405, 73, 868, 232, 195,
15, -196, -782, 749, -955, -84, 1176, -553
