-15402, -5156, -1798, -144, -4711, -4700, 2819, -389,
148, -2600, 1706, -1906, -578, 495, 24, 829,
-383, -12581, 11667, -1039, 1395, 2670, -288, 23,
628, -248, -512, 79, -326, -5428, -2830, -2476,
-1253, -915, 12042, -674, -110, 2950, 3885, -5799,
983, 616, -652, -60, -372, 22, -141, -167,
98, 125, -100, 27211, 133, -127, -271, -272,
-176, 1268, 173, -422, 2431, -3998, -2797, 2328,
182, 6526, 3318, -6282, -10580, 3966, 8504, 527,
9507, 6203, 990, -989, 6030, -136, 647, -1100,
-324, -2618, -2499, 500, -132, -842, 1237, 3599,
2285, 2906, 10766, 11284, -2794, 242, 184, -1934,
55, -839, -1181, 406, 855, 902, 10490, -327,
-1561, 5742, 428, 2218, 1523, 5229, 9130, -760,
108, -140, 22229, 1132, 411, 720, 414, -356,
-745, -1276, -899, -562, 369, 5, -7770, 4101,
3626, 126, -13, -4356, 728, -3197, 1930, -1470,
-6936, -410, 6720, 1897, -530, -4267, -2181, -876,
-472, -2540, -10234, 4008, 10217, -2561, -2021, 716,
-1378, -325, 427, -245, 314, -48, -118, -150,
-30295, -368, 256, 369, -656, -78, -246, -140,
-1250, -635, 1332, -13604, -10383, -1375, 353, 2417,
2140, -349, 1460, -51, -309, 523, 509, 2352,
1208, -377, -2023, 9708, 397, 1216, 10610, -4416,
5520, 3902, -2119, -480, -420, 1170, 36, -3304,
1550, -266, 1682, -808, 2420, 2700, 16239, 3910,
572, -375, 85, -9775, -120, 2214, 2779, 11510,
2628, -416, -1740, -1305, 1226, 78, 78, 635,
422, -13892, 1302, -4117, -1218, 2681, -8436, -1723,
2290, 2815, 1172, -181, -675, -475, -763, 2394,
-3639, 7903, -659, 2323, 4837, -6758, 9460, -1480,
-2403, -2783, 1496, 806, -458, -246, 12, -254,
121, 1477, -633, -513, 791, 208, -390, -177,
-1292, -20471, -4401, -2678, 9026, 128, -265, 822,
260, 11202, 3132, -1879, -3891, 1884, -842, -107,
7516, 1208, -1552, -995, 1203, 2150, 11044, 1285,
2282, 80, 1348, 5342, 2089, 924, 1472, -1454,
-8259, -226, -10259, -2335, -2442, 224, 3257, -1528,
6685, 1630, 1969, 48, 4802, 6051, 987, 8662,
-2368, -4984, -1974, -4049, -5320, 5003, 299, -400,
727, 208, -187, 2838, -4547, 9682, -2238, 1065,
-3206, 10091, 4915, 2945, -1635, -198, 1074, -698,
-716, -96, 1390, -2644, 1006, -4154, 10587, 1132,
2912, -7399, -8350, 785, 156, -290, -142, -374,
-2161, 1066, 1358, -1798, 3050, -19, 452, 10470,
-10948, 4190, -984, -2089, -728, 1503, 4273, 812,
4950, -3750, 844, -1231, -1582, -2517, 2385, -10537,
5807, -4621, 332, -357, -12484, 1676, 160, 10762,
-1225, -1374, 14, -1389, -2900, -467, -1260, 459,
-861, 102, 1715, 4295, -7324, -7400, 10435, 287,
1866, 765, 1730, 3430, -744, -2, -1773, -96,
2001, 2165, 118, 9296, -4640, -4612, 7134, 5128,
-7967, 404, -433, -433, 2222, -8050, 2023, 2766,
-260, -2440, 1607, 2442, 7763, -486, 3766, 2355,
7515, 230, 1248, -8873, -8224, -9135, -1402, -1812,
1223, 152, -2316, -739, -405, -784, -598, 625,
503, -175, -573, -31693, 502, -478, -554, -934,
387, -80, -484, -701, -34, -51, -494, -1461,
1005, 2920, 11532, 2667, -1674, -832, 8680, -5767,
786, -1558, -2062, 1009, -392, 2099, -7277, -2587,
6302, 3070, 4496, -1713, -4042, -8109, 1642, -1894,
3450, 840, 3632, 160, 578, 149, 767, 754,
208, -870, -672, 252, -30, -213, -482, 50,
-578, -2, -148, 246, -31918, -568, 130, 472,
761, -27, -51, 454, 144, 124, 5844, -8354,
9562, -3755, -262, 3286, 1120, 983, -628, -734,
-1732, -1424, 353, -403, 15877, -13552, -335, 337,
519, 140, 297, 150, 725, -780, 876, -116,
-91, -128, 275, 2499, 9313, -768, -10469, 1148,
2172, -6417, 3292, -2187, -1108, 3055, 1105, 625,
794, 68, 337, 1384, -106, -516, 574, 868,
849, -997, 81, 25796, 28, 206, -3556, -351,
1058, 1126, -7826, 5310, -4102, 5352, -6835, -4032,
1487, 230, 5617, 937, 10484, -71, 2653, 1203,
-1, 667, -1489, -10136, 7782, -763, 792, 1434,
-170, 367, 96, -21992, -252, 756, 145, -1476,
1408, 1523, -819, -576, -476, -1068, -241, -39,
1547, 9553, -622, -1799, 1861, 6115, -864, 10690,
-586, 470, 200, 1162, 586, 44, -11650, 3453,
8734, -2754, -178, 236, -2650, 2654, 2699, 1180,
5325, -458, -40, -218, -6, 126, 6794, 506,
860, 11863, 652, 1665, -4213, 4863, 1424, 5712,
-663, -688, -10, -1421, -676, -1325, -378, -311,
-490, 19501, 1242, 268, 4581, 1587, -1153, 848,
-1378, -1159, 505, 63, 704, 1942, 2204, -2106,
44, 479, -1098, 333, -21595, -617, -6444, 3547,
1282, -1784, 4664, -1330, 2607, 1241, -3579, 247,
-875, 11359, -3013, -136, -12813, -14400, 1857, -998,
1342, 1187, -338, 1263, 575, 1226, -995, 596,
446, 293, 767, -356, 70, 786, 466, 202,
149, 849, -28991, 652, 124, -209, -124, -406,
-5463, -1413, -1300, -5339, -1761, 4770, 2680, -10542,
3486, 5601, 2932, 1581, 489, 521, -16583, 1,
-1529, 5942, 1234, 4714, -1647, 1150, 2802, 642,
586, 3836, 240, 307, -490, 67, 771, 816,
-906, 1554, 1090, -2353, -629, 11291, 2941, -2982,
9473, 1434, -4351, -8017, -5173, 8071, 1931, 1281,
-4055, -3224, -1918, -271, -204, 670, 3491, 107,
-31624, 227, 75, -91, 108, 171, -53, -201,
373, 63, 118, 126, -104, 127, -88, 1810,
11688, -10240, 550, 3692, -4978, -1619, 40, 911,
-1080, 580, -767, 333, 192, 403, 308, -904,
142, 31169, 503, -1101, -146, -144, 35, 181,
-355, 54, 590, 499, 95, -1767, 444, -49,
2160, 7176, 12032, 6478, -741, -5576, -644, -101,
-1251, -1268, 2365, 10029, 537, -1476, 307, 2108,
-2478, -944, 10725, 349, -4242, -135, 7577, -4492,
1492, -2512, 7736, -5118, -6756, -2436, -1890, -2390,
1620, 914, 1658, 47, -11692, -134, -1740, -196,
9521, -136, -1376, -8682, -1136, 1096, 903, -1148,
-334, -228, -4, -675, -199, 1914, 2827, -11098,
-2129, -2559, -978, 175, 1832, 10075, -2358, -1888
