-10720, 9997, -1313, 8849, 5152, -226, -2908, 303,
-842, -870, 165, -1372, -105, -154, 170, 2424,
-2476, -2126, -8329, 349, -4509, 5128, -92, 9086,
-7263, 416, -124, 341, -88, 239, 5172, 553,
1526, 1728, 1955, -1489, -6595, -11237, -10224, -394,
-927, -932, 674, 743, 317, 4628, 8453, -3768,
2545, 3506, -2406, 9108, 5643, 4660, 4116, -2452,
-1391, -154, -74, 180, 5270, -7922, 46, 11046,
6076, 735, 7922, -196, -1080, 1445, -687, -2403,
-784, 742, -269, -498, 6010, -4045, 1053, 891,
-1538, 613, -84, -4254, -957, 4682, -14004, 2050,
-647, -718, 557, -2720, 2437, -7675, 11874, -9284,
-734, 775, -2231, 105, 366, 1360, -98, -126,
508, 2647, 729, 762, -8806, -10413, 9008, -2093,
1107, 201, 1421, 1181, -259, 1420, 828, 327,
-1956, -573, -874, 354, 2662, -1437, 10864, -9240,
-7648, 1670, 1598, 173, 438, -373, -566, 246,
-11999, 1817, -611, 1, -1652, 1876, 1354, 1270,
-789, 300, -321, 11577, -516, 329, 5723, 4732,
1717, -6224, -5356, -6292, -370, -3644, -922, -50,
-14, -581, -1554, -1675, -20, -965, 28479, 658,
-498, -488, 504, -601, 437, -585, -245, -196,
186, 281, -174, 159, 7469, 5890, -5112, 4918,
-9023, -360, 40, -2975, 4784, -437, 1609, 1032,
2759, -297, 106, 5176, -4315, 568, -9536, -1297,
-6783, -10965, 1285, 264, 330, -508, -522, 624,
662, 539, 7248, -13780, 40, 2140, -2188, 1925,
-8972, 1147, -1340, 870, 779, -4, -101, -374,
781, 5733, -5712, -5777, 2080, 875, 13450, -1551,
-3229, -1818, -114, 1265, 501, 636, -576, -623,
-1269, 3006, 1023, 862, 1359, 1950, 588, -22648,
218, -438, 1547, -408, -844, -263, -106, 14754,
-689, -9466, -978, -21, 1412, 43, 2012, 352,
908, 277, -960, -747, -230, -1557, -7132, -5707,
79, -2474, 2177, -5349, 2510, -12720, 2833, -2152,
-1693, 458, 197, -643, 735, -2728, -893, 2758,
5196, -3566, -4294, -4914, -1222, 188, -8884, -6234,
2391, -1518, 663, 572, -1465, 1147, 8486, 2037,
2516, 941, 6092, 11602, -2559, -1702, -1848, -924,
-210, -108, -1052, 8360, -7567, -4588, -169, 3464,
-9206, 1842, -4329, -2499, -341, 592, 918, -102,
340, 214, 1037, -324, -16289, 10308, -47, -29,
1340, -603, -2763, -548, 392, 1489, -149, -769,
-67, 13270, -2233, 8257, 1582, 1034, -4270, 916,
4486, 1191, -102, 159, 109, -536, -664, -987,
-8041, -1759, 4264, -5600, -13815, -1158, 1712, 2516,
-634, 504, 515, 732, -46, -685, -481, 1685,
-1782, 262, -3600, 14721, 6334, 7941, 101, 914,
-2141, -2, 182, 829, -215, -122, 6325, -3752,
-2812, 1618, 3512, -1591, -4276, 6994, -10349, -5675,
-1501, -1766, -1949, 436, 82, -5596, 2592, -1086,
-2804, 2540, 458, -550, -1834, -2401, -7563, 2340,
1678, -7666, 4538, 27, 6337, 3642, 17068, 5310,
1115, 1579, -142, -397, -670, 2010, 863, -504,
845, 848, 770, -8821, 1963, 2782, 162, 1130,
2597, -13699, -3996, 800, 2499, -1045, -1512, -186,
-59, -119, -5048, 6800, -8766, 784, -7091, -1002,
335, 1993, -1045, 601, 1804, 166, 1343, 110,
-224, 2247, -344, -5, -4292, 5846, 8591, -11846,
-1303, -1027, 1759, -168, -194, -1281, 489, 378,
-5069, -3321, 11238, -375, -806, 3962, 9660, -2960,
-664, -1067, -627, 271, 1205, 1160, 261, 3725,
7877, -679, 22, 598, -1086, -420, 2168, -46,
-15552, 420, 1220, 1332, -58, -156, 7777, -4657,
352, 15316, -4760, -2140, -2577, -1321, 2037, -371,
-1254, -912, -1177, -1367, -103, 4572, -9482, -1599,
294, 403, -272, -2331, -4365, 13467, 4585, -2554,
-1743, 545, 162, -369, 6074, 11273, -8856, -8175,
2543, -7, 314, -2033, 2704, -1755, -1431, -791,
-276, 1085, 236, 6553, 1872, 387, 1056, -31,
-20610, -609, 608, 1007, 1604, -1501, -68, -527,
204, 252, 2533, -721, 1468, 444, -72, 61,
-209, 512, -216, 42, 385, -490, -104, -29030,
-166, -4883, -2754, 788, -430, -867, 565, -1155,
562, 1076, 1757, -2990, -14971, 8392, 902, 550,
102, -6579, -6939, -319, 172, -863, 979, 2178,
630, 160, 952, 946, -3955, 1515, 352, 2557,
-5339, 6166, 4588, -2040, 4031, -535, -2504, 2782,
-12136, 1338, -2758, 458, -671, 155, 6998, -2598,
-931, -396, -922, 2060, 447, -42, -649, -532,
-552, -1945, -16548, 815, -408, 3469, -4118, 875,
-1017, -11150, -511, 3846, -11349, -1928, -781, 2765,
-681, -713, 655, -218, -8032, -465, 295, 1591,
-383, -1889, 1627, 108, 1149, 2513, 388, -5702,
-15693, 24, 470, -4322, 3721, 1584, 1808, 350,
-1765, -620, -2953, 4354, 8512, -12533, -86, -2490,
-192, -507, 2024, 3942, -801, 13444, 738, -2086,
162, 2013, 837, 56, -384, 3164, 5052, 1158,
-403, -6913, -4290, -2068, 16622, -2738, 856, -2884,
-2432, -410, -1179, -456, 504, -1359, 436, 352,
-6351, 327, -2196, -1502, 302, 338, -839, 235,
-520, 1283, 2710, 18814, 2256, -2, 400, 1300,
-1185, 1024, -3744, -3542, -4350, -763, 1902, -14737,
5437, 48, -1589, -280, -67, 232, 2276, 1413,
3284, -308, 1013, 610, 22787, -685, 724, 12,
-359, -1651, -1060, 569, 248, 3836, 605, -413,
3380, -1360, -1120, -2933, -2368, -977, 10135, 12356,
3739, -1571, -418, 580, -2662, -11460, -6128, 2867,
11468, 825, -3201, -501, -138, -755, -554, 168,
757, -564, 428, -12118, -15179, -1978, 432, -597,
1528, 3038, -568, 1349, -3377, 914, 498, 928,
-91, -5, 9192, 3000, 2542, -1411, 626, 2705,
-763, 3247, 13736, 3034, 2170, -67, -852, -378,
1264, -2771, -2415, -4236, 126, -1984, -13336, -1088,
-416, -1979, -520, 2506, -1505, 294, -2398, 218,
-8740, -3873, 2069, -1374, 86, -998, -3851, 1070,
13357, 955, 3085, -536, 166, 926, 299, 6532,
1324, -502, -1658, 1829, -1263, 445, -1902, 1452,
-2747, -16422, 1875, 1773, 452, 288, 5992, 1626,
3659, -917, 2255, -1508, 356, 547, 158, 9,
-117, -1665, -595, 14392, -1013, 49, -4060, 12064,
3666, -2903, -9145, -396, -4341, -953, 2758, -178,
-204, -462, 98, 222, -3622, -12200, -4484, -94,
-8642, -5694, 4034, -720, -1695, 751, -1668, -266,
-343, 296, -112, -900, -3750, -360, 1002, -7402,
7758, 7370, 3332, -7517, -769, -1272, 412, -1451,
-89, -227, -11332, -472, -1108, -394, -339, -1981,
-3494, 12110, -564, -5958, -690, -1066, -130, 762,
-50, -1456, -1521, -8428, 994, -867, 2650, -2335,
354, -2253, 4612, -12364, -2626, 1853, 577, -103
