-2368, -2340, -1735, -1897, -1493, 984, 3062, 2826,
1049, 164, 1181, -1990, -1833, -1720, -1360, 24,
1485, 1923, 460, 511, 69, 78, -353, -3,
3761, -480, -1538, -1063, 540, -64, -1546, -988,
1514, -1167, -1354, -563, 1435, 880, 1123, 182,
-2243, -2109, -2378, -2201, -1491, -836, -124, 605,
6159, 3636, -2770, -2959, -2956, -3019, -2154, -648,
1805, 4698, 2929, 2078, -975, -360, -895, -623,
-593, -879, -345, 4333, 492, -56, -2102, -781,
-476, 1268, 606, -670, 1686, -105, 370, 461,
-221, -868, -1381, 297, 128, -578, -809, -938,
3896, 490, 4032, 2675, -684, -1108, -1235, -915,
-874, -919, -802, -1040, -1324, -16, 2156, 1943,
-652, -666, -47, -1499, 168, -210, 4213, -1895,
-1734, -1767, -1412, -867, -71, 329, 855, 1294,
-1849, 4393, -1312, -1597, -564, 434, -454, 269,
892, -31, -1170, 67, 370, -1144, -320, 3706,
-811, -190, -123, -166, -659, -1033, -789, -902,
-347, -280, -108, -313, 452, 3701, -1505, -2610,
-2758, -2550, -2034, -1361, -676, 713, 2263, 8286,
-2241, -2508, -2540, -1721, 182, 1947, 306, 1773,
1220, 2909, -60, 73, -235, -1631, -1302, -692,
4171, -830, 49, -188, -471, -2208, -2265, -1518,
-196, 2995, 2571, -579, -68, 805, -1294, 1274,
4294, -1356, -702, -532, -465, -123, -400, -719,
336, 3093, 1634, -906, -71, -502, -938, -982,
-742, -1187, -1757, 2890, -1591, 1303, 216, -311,
-404, -29, 501, -543, -1466, 1587, 309, -578,
-173, 34, 1116, 1286, -1184, -1174, -175, -732,
-619, 3508, -80, 191, -1059, -174, -429, -470,
10000, -933, -1511, -1601, -1571, -1445, -1065, -1407,
-1053, -932, 1183, 7875, -460, -1609, -1618, -1398,
-1154, -1227, -1012, -1450, 20, 28, -235, -110,
203, 105, 252, -154, -51, -58, 2940, -490,
17, -51, 131, -106, -526, -566, -822, -1177,
-1335, 2749, 608, -1575, -1322, -1351, 111, 641,
1441, -9, 733, -207, -273, -665, -630, -588,
-78, 254, 304, 762, -2661, -2677, -1238, -82,
2569, 3001, 932, -1032, 211, -324, 40, 1395,
-836, -1119, -635, -1425, -1514, -1135, 1509, 2963
