-2962, -2140, -2166, -1454, -1638, -1100, -835, 686,
978, 550, -1630, -1021, -1424, -1867, -1118, -474,
66, 6104, 904, 603, -829, -475, -1368, -1199,
7255, -890, -465, 114, 118, 224, -2453, -1279,
8192, -1289, -452, -47, 180, 324, 627, 209,
-2770, 11214, -857, -1720, -895, -531, -291, -264,
232, -402, -2699, -2561, -2433, -2093, -1315, 86,
2666, 1663, 1351, 2349, -2788, 4576, 3680, -1365,
-995, -513, 46, 44, 522, 142, -2739, -1654,
-1950, 4573, -659, -536, 285, 72, 875, 627,
3142, 105, -941, 1245, -489, -495, -229, 44,
-236, -1083, -2336, -1193, -1620, -1859, -1339, -655,
205, 1032, 5581, 1195, -2635, -1740, 2656, 1976,
-52, 784, -96, -165, 419, -486, 8850, -624,
-792, -1531, -765, -674, -730, -829, -150, -27,
2255, -1177, 2727, -1430, 737, -902, -780, -729,
169, 278, 3729, 3763, -32, -1581, -563, -573,
77, -372, -64, -477, -2500, 526, -1682, 1464,
-830, -124, -548, 561, 202, 1115, -1682, -1552,
-2014, -2127, -1374, -749, -720, 64, 2097, 6944,
-2771, 4929, -1680, -2212, -1430, -801, 114, 891,
1176, 855, 3571, -2187, -1566, -1694, 84, -46,
932, 786, 765, 856, -1038, -498, -117, -1582,
-1379, -1162, 6293, -367, 594, 132, -2487, 2119,
-2153, -1749, 833, 1089, 507, 133, 337, 423,
-2777, 2507, 277, -1455, -1019, 1811, 639, -595,
136, -1050, -2941, 4474, -176, 1095, 1113, -479,
182, -295, -229, -605, -2035, -1649, -1171, 51,
0, 125, 2844, -310, -82, -640, -2251, -2138,
-2270, -1567, 2260, 92, 368, 95, 1433, 1346,
820, -2339, -1822, -895, -69, 158, 190, 911,
1008, 764, 684, -1756, -1013, -1625, -1610, 6062,
-499, -1036, -139, 1129, 488, 524, -665, -870,
-347, -76, 123, 91, -12, 14, -2867, -2019,
2858, -1903, -1165, 309, 287, 1250, 767, 776,
-2784, -2446, -1157, 460, 2589, 437, -285, 711,
-299, 402, -2683, -2271, -1714, -1535, -547, 4118,
510, 1158, 700, 631, -2084, -1236, 509, -1009,
-510, -193, -1075, -793, 727, 2150, -2722, 968,
1077, -1579, -1410, -894, 401, 1043, 427, 182
