-2704, -2459, -2349, -1535, 2807, 365, 1064, 892,
830, 1222, -2190, -1542, -2285, 6443, -1607, -1362,
-605, 637, 883, 877, -2378, 2292, 3106, -1057,
1776, -1094, -859, 249, 199, 256, -1537, 2098,
-1126, 2243, -1186, -193, -211, 211, 502, 308,
3369, 3197, -1271, -1370, -355, -423, -537, 468,
-237, -99, -1439, -1748, -2185, -1972, -1357, -814,
-470, 815, 1306, 6390, 1983, -1169, -1749, -29,
-1368, 5929, -1539, -900, 576, 701, 1708, -1608,
-1148, 3522, -822, -120, -461, -158, -43, 39,
-2543, 8872, -1347, -1580, 222, -488, -162, 295,
382, 291, 11143, -1223, -1270, -1399, -392, -563,
-500, -604, -544, -135, -1787, -1313, -1490, -1395,
-1100, -1278, -818, 6172, 768, 1597, -623, -681,
-1128, -1575, 7257, -665, -1021, -439, 932, 703,
-1496, -2168, -1945, -1454, -808, -1261, -354, 875,
6706, 1956, -1773, -1503, -1536, -1162, -1386, -1885,
-1607, -318, -72, -7, -1932, -1349, 6150, -1852,
-345, -18, -81, 223, 339, 425, 362, -1623,
-1432, -1973, -1042, -1373, 7830, 38, -116, 1000,
421, -2375, -1808, -1832, -1046, 2077, 955, 1576,
581, 824, -2021, -1582, -1402, -1420, 69, 3549,
-513, 192, 262, 483, -2503, 4173, -11, -1532,
-893, 282, 187, 320, 176, 259, -2308, 2342,
-2385, -2147, -784, -375, 413, 833, 889, 1297,
1415, -1085, -1009, -1501, -1246, -1298, 1553, 1384,
332, 662, 2226, -2399, -1752, -857, 1899, 131,
501, 209, 217, 346, 4294, -1811, -1694, -1080,
-752, -263, -228, 249, 628, 971, 2508, -1031,
2871, -1054, 42, -202, -738, -170, -239, -290,
-2751, -2379, -2379, -1999, -1448, -380, 1594, 1279,
1399, 1633, -2376, -1839, 1367, 1685, 356, -126,
-50, 143, 31, 33, 314, 160, -663, -687,
25, 388, -267, -188, -188, -129, -2614, 1063,
-1835, -285, 2549, 205, -30, 370, 319, 297,
-87, -2208, -1164, -839, 894, -266, -410, 375,
1263, 924, -2606, -2325, -1854, 1792, 407, 328,
-110, 575, 1090, 971, -2517, -1583, 1355, -1892,
-490, -203, 846, 724, 597, 779, -1650, -1281,
-1294, 549, -146, -548, 2947, -28, 265, 339
