-1536, -2360, -2378, -2138, -1380, -346, 1575, 2779,
3247, 1689, -340, -1788, -1839, 103, 31, 853,
-653, 3159, 365, 154, 404, -835, -716, -35,
4309, -155, -1214, -1180, -750, -522, -753, 350,
-1660, -1603, -1159, -582, -489, 1067, 2615, 1747,
-1755, -2351, -2314, -1453, 922, 3458, 867, 439,
493, 1212, -1584, -1655, 1300, 1783, 1641, 1442,
816, -1283, -1456, -1417, 4998, 1923, -200, -1086,
-1060, -1016, -1074, -1217, -1285, -1245, 633, 390,
-1443, -1099, -507, 3041, 343, -163, -745, -667,
2333, -2144, -2460, -2247, -2063, -1736, -742, 418,
3124, 3504, 227, -735, 799, -1326, -20, -543,
1900, 237, -671, -545, -1727, 121, -1750, 3700,
-485, -553, -77, -212, 942, 62, 1647, -688,
-1506, -1429, -619, -839, 172, 3209, -500, -371,
-1680, -1408, -1122, -563, 3627, -115, 510, 534,
-65, 199, 800, 5040, 631, -744, -612, -1023,
-1099, -1319, -1520, -1460, -1120, -274, -1220, 349,
1848, -620, -1411, -616, 1771, 1024, -1223, -2195,
-2345, -2144, -1517, -1055, -385, 557, 1482, 6797,
-2274, 818, -460, -707, -274, 646, 654, 731,
268, 347, 4583, -1289, -1452, -1193, -1072, -681,
-178, -131, -108, 547, -1521, -781, -1298, 239,
-486, -445, 3453, -226, 90, 653, -1237, 624,
4692, -482, -798, -799, -766, -645, -890, -915,
3748, -909, -1012, 85, 963, 375, -100, -1010,
-1269, -1508, 2106, -1194, 2632, 595, -826, -221,
-411, -1104, -1365, -1050, -2112, -863, 1943, -727,
-1079, -733, 78, 1990, 363, 953, 1325, 459,
-891, 3364, -410, -362, -547, -994, -1371, -1258,
12270, -43, -1668, -1868, -2004, -2133, -1863, -1949,
-1805, -1288, -1640, 3783, -1414, -578, -505, -464,
-158, 252, 71, 76, 22, -20, -72, -13,
-19, -95, -14, 2, 23, -5, 1289, 630,
291, -707, -794, -857, -715, -122, 551, 219,
-2358, -1905, -1397, 277, 572, 343, 789, 526,
1629, 991, -980, 222, 740, 1199, 19, 1200,
-864, -467, -656, -138, 820, -2005, -924, 154,
195, 393, 267, -183, 1024, 100, 1243, -872,
-705, -781, -422, -377, -910, -637, 89, 2849
