616, -1065, -1622, -1949, -1283, -863, 6819, 517,
1135, 1282, 2631, -1447, -1477, -1004, 286, 1358,
-135, -340, 147, -130, 5435, -1609, -1916, -1758,
-1066, -1126, 478, 995, 1098, 1437, -1737, -1339,
-1864, -2009, -1038, -1004, -573, 810, 5974, 2840,
349, -1559, -1496, -1151, -307, -82, 681, 827,
550, 776, 1930, 166, -1100, -1489, -1185, -1182,
-1210, -326, 858, 1688, -2561, 3514, -736, 1555,
-59, -906, -123, 87, 102, 274, 1902, -459,
3008, -984, -707, -334, -571, -317, -190, -371,
-2862, 607, 1346, -1517, -1220, -617, 2494, 697,
190, 64, 3264, 3926, -1249, -1542, -933, -302,
-246, -248, 69, -283, -1766, -750, -1898, -1259,
6841, -1546, -785, -64, 1208, 1294, -1522, -1742,
-1873, -1898, -1455, 7128, -752, 1718, 1398, 1123,
-2742, 4733, -1552, -2483, -2210, -495, 355, 864,
830, 759, -2721, -2115, -1891, -1696, -1137, -1559,
-1265, -658, -591, 850, -699, 1262, -551, -1055,
877, 96, -388, -192, -479, -1091, -2763, -1379,
3290, 2331, -874, -307, -386, 615, 366, 133,
-2671, 5181, 4339, -894, -871, -634, -165, 409,
91, -291, -2649, -411, 8039, -1947, -1156, 57,
351, 1014, 472, -198, -1816, -590, 2887, -1702,
-1113, 3414, -556, 117, 483, -377, -1707, -1146,
-1155, 2518, 2014, -382, 3, -6, 206, -98,
10770, 274, -1415, -1670, -1020, -1036, -786, -782,
-463, -552, -2500, 10460, -1624, -1787, -707, -1327,
-59, 375, 91, 22, -2776, -2343, -2104, 825,
-759, -823, 482, 1149, 1265, 570, -1676, -1826,
-1848, 6125, -1391, -820, -449, 844, 586, 535,
-2873, -2475, -2607, -2611, -1830, -487, 1643, 1680,
2088, 2570, -2357, -993, 3189, -1473, 3506, -1203,
-793, 662, 464, 98, -2507, 1617, -1793, -1935,
-1307, -169, 9, 885, 728, 1178, -2010, -1346,
-1375, -187, -548, 2753, -464, -105, 799, 511,
-2170, -2428, -2177, -1497, 2072, 828, 441, 1020,
873, 1000, -1297, -1531, -1863, -1967, -1516, -1088,
-758, -230, 1561, 6655, -2173, -1787, -1548, -1763,
-1366, -24, -645, 6836, 1480, 1923, -2728, -1859,
1798, -2010, -1585, -677, -371, 1405, 1254, 1278
