-2250, -2771, -2879, -2775, -2240, -1363, -272, 1233,
6172, 5074, -2882, -2419, -2054, -2420, -1252, 347,
1325, 1799, 1723, 4361, 774, 2066, 1874, 280,
-707, -605, -581, -662, -1104, -2038, 7111, -137,
-883, -1079, -1001, -54, -847, -1013, -1045, -832,
4696, 3781, -624, -1485, -1360, -1359, -1307, -1219,
-866, -945, 5419, -1512, -2307, -2134, -2056, -1724,
-1653, -630, 157, 3399, -727, -860, -1381, -380,
-716, -1335, 3819, 78, -2, 277, -3185, -3118,
-2715, -3110, -1500, 1626, 3352, 3075, 1956, -539,
16640, -1204, -2281, -2307, -2272, -2349, -2009, -2184,
-2777, -2375, -1015, 6208, -402, -1331, -1182, -763,
-730, -81, -591, -1184, -1927, 543, 4464, -1095,
-131, -542, -129, 486, -366, -1097, -1594, -554,
-15, -337, 3152, -723, 71, -40, 385, -309,
-769, 290, -853, -1058, -1196, -1557, -595, 3695,
1129, 438, 1729, -1309, -971, -871, 90, 1418,
1261, -23, -1382, -223, -1551, -713, -1044, 4495,
-160, -867, -1242, 1188, 159, 120, -1657, -951,
1536, -159, -1310, 1101, -404, 155, 1717, -24,
-1607, 2347, 2056, -1943, -1313, -1297, -81, 34,
1441, 354, -2110, -1873, -516, 1102, 2174, 2131,
0, -946, -729, 61, 107, -14, -108, -50,
42, -164, -177, -92, -29, 162, 1349, -2380,
-2099, -1692, -980, -49, -94, 331, 1317, 3819,
-482, -782, -775, -909, -640, -1099, -615, -225,
1556, 2973, -630, 70, -186, -1599, -1076, 4440,
-890, 78, -76, -517, -855, -1886, -1521, -1206,
-1152, -900, 753, 1338, 1758, 2431, -2433, -1569,
-1294, -583, 552, 2040, -154, 250, 513, 2333,
-820, -1987, -2291, -2238, -1880, -1651, -1120, -262,
2013, 9756, -2803, -2574, -2634, -2789, 356, -1838,
325, 4584, 3584, 2486, -1524, 1874, -337, -1800,
-1659, 406, 2450, 1252, -245, -1030, 1985, -397,
-1565, -51, 148, 2039, -1212, -729, -700, -11,
904, 649, 531, -2287, -1640, 766, -725, 171,
-1596, 1387, 3189, -672, -459, -794, -422, -714,
-195, -231, 185, 99, -952, -2248, -2170, -1190,
-457, 1458, 34, 1179, 2427, 1683, -1658, 3749,
-1816, -2000, 2823, -1243, -1415, 713, 875, 75
