987, -6, -621, -220, -2438, -387, -535, -23,
-934, -68, -4985, 575, 483, 7243, -1075, 917,
1739, -1832, -580, 1564, 131, -180, -1271, 3672,
161, 1040, 1737, 2719, 1101, -185, -1410, 221,
-422, -8675, -753, -401, -5388, 13, 762, 1378,
1113, 1768, -177, 3397, 2162, 267, 2261, -156,
1708, -848, -79, -1819, -3159, -5548, -745, 7208,
-1039, 7555, -134, 2661, -2112, 2270, -1991, 441,
-6248, 246, 166, 2092, -1402, -242, -13600, -539,
391, 2395, 11001, -981, 10906, -403, 823, 1647,
-294, 93, 504, -5448, 1213, -1849, -3077, 790,
-841, 12812, -11266, -1882, -805, -274, 1968, -49,
1189, -80, -281, -40, 409, 2423, 581, -1362,
207, -869, -589, 3294, -318, -4592, -476, 1014,
-135, -17999, -194, 807, -2946, -222, 44, -514,
-4407, -1201, 1155, -235, 98, 4432, -342, 2386,
1402, -956, 3357, 1959, 4790, -139, -3494, -4280,
-589, -8422, 363, -746, 640, -360, -1007, -1100,
-7989, -12630, 1006, -1608, -864, -226, -915, -2032,
1274, 596, 1864, 1067, 1597, 460, -2003, -5560,
-8020, 2354, 379, -3151, 44, 7024, -698, -2901,
4976, 927, 1223, -93, 172, 189, 6639, -6082,
-726, -524, -3068, -3802, 16, -1039, -105, 2333,
-350, -306, -379, -832, 1282, 56, 3529, 562,
-603, 5954, 294, -1265, 8045, -3990, -169, -123,
-3267, 572, -879, 1562, -1185, 799, -9589, 407,
-590, 65, -2848, 433, -5547, -19, 7180, -7904,
-392, 323, -448, -4481, -3773, -5286, 1957, 226,
-2040, 3292, 2987, -1704, 2835, -149, 1435, 823,
1775, -2769, 146, 234, -131, -15, 268, 37,
139, 22, -196, 91, -3503, -5421, 24, -280,
58, 370, 655, 1412, 113, 306, 16404, -234,
315, -957, 72, -1129, 1993, -18719, -1415, 1349,
2340, 541, 313, -1360, 31, 1441, -78, -9905,
-393, 367, -712, -2009, 372, -297, -123, 303,
-458, -323, 46, 8701, -1301, -8768, -43, 1818,
212, -543, -5077, -8037, -2536, 702, 792, -381,
-272, 1941, 6320, -1871, -13938, -262, -2063, 108,
-861, 485, -440, 768, 5665, -302, 305, -13784,
2889, -127, -94, 145, 1308, 7911, -8376, -643,
-596, 1357, -943, 1329, -84, -62, 1651, 391,
-2295, -5456, -357, -4611, 1361, 3961, -295, 642,
-698, 8614, 1613, -526, -120, -205, 17, -20171,
1252, -261, 535, -1244, 92, -315, 878, 380,
157, 3217, -493, -773, 513, -510, 11304, -899,
-27, 398, -6386, 659, -1001, -2737, -13295, 1219,
-1014, -193, 445, -2393, 344, -25, -599, -2848,
884, 94, -11, -564, -36, 9939, -3530, 462,
-942, 10089, 824, 2994, -293, 71, 10167, -457,
711, -964, -2128, 2530, 160, -2558, 2451, 1654,
-3828, 1560, 879, -1023, -8354, 851, -77, -112,
19572, 2010, -1077, -1329, -1282, 1277, 252, -5622,
4617, 58, -2315, -459, -1249, 92, 708, -737,
-3323, 182, 1557, -657, 546, -447, 19117, 1645,
-336, -26, -2041, 5926, 4746, -1866, 3922, 2798,
5320, 7, 470, 842, 229, -567, 742, -3306,
659, -871, -226, -2593, -1003, -1373, 595, -768,
20658, 944, 1228, 279, -1531, -618, 361, -4019,
-343, -351, 7143, 293, 92, -2713, -269, -30,
-332, 4093, 216, 239, -563, 1943, -944, -2268,
70, -209, 440, 1493, -446, 491, -362, 25,
-331, 433, -1585, 173, 1126, -3614, -234, -2649,
1181, -641, -160, 3727, -841, -2134, -1396, -5758,
-14, 364, -4651, 1151, 194, -5234, 5878, -1348,
-1388, -233, 3810, -860, 9479, -24, -6616, 1387,
-455, 447, -224, -2997, 12, 3502, -73, 470,
-9170, 1677, -740, -592, -1638, 675, -93, -17842,
1750, -847, 993, -2393, -49, -2029, 1940, 588,
475, -3467, 55, 5087, 2989, 380, 915, -2782,
2418, 11303, 1098, 1009, 1372, -5780, -303, 1451,
972, -7433, -571, 1661, 64, 10265, 1541, -50,
-964, -738, -253, -3105, -695, -546, -775, -18971,
-3094, -2379, 738, 1625, 623, 1073, 782, 723,
-3417, -578, -189, 4108, 1115, -1222, -9102, -4736,
347, 946, 322, -3699, 193, -15139, 367, 969,
-788, -694, -620, -26, -16, 4, -478, 20792,
-1175, -231, 2566, -1270, 162, 181, -1451, -5370,
-2429, -8910, -3794, -5807, -1655, 248, 4432, 1393,
-2451, -2706, -744, 687, 842, -1281, 2960, -2348,
153, -1671, -1433, -1250, -1096, 2501, -5393, 4266,
-1098, 880, -1215, 817, -443, 10053, 705, -689,
-2679, -1205, -3302, -809, -918, -1005, 124, -329,
108, -52, -5305, -419, 128, -8137, 1427, 387,
-235, -2582, 190, -173, -1031, 2672, -985, 3309,
-5927, 7327, -8463, -2, 6035, 743, 552, -14,
-580, -68, -11886, 476, 61, 1172, -529, -988,
871, -776, -332, 20870, 384, 7795, -10830, 723,
1690, -519, 962, 663, 1300, -465, 47, -3578,
56, -8131, 2041, -8524, -1303, 6349, 1903, -6726,
1156, -224, 1286, -2355, -3415, 985, -502, -2474,
49, -2789, -3616, -1707, 3363, -140, 1702, -1919,
-11518, -404, 62, -6933, -1187, 10830, 132, 284,
-639, 1349, 2367, -311, -626, 745, 5660, -152,
-121, -5236, -481, 5889, -1263, -8443, -33, 936,
423, -117, 111, -1055, -103, -321, 1286, -611,
777, 827, 422, -162, -6767, -241, 289, -441,
-1344, 2706, -1260, -4649, -847, -16107, -263, -1826,
-521, -760, 942, 309, -2692, -4835, -853, -806,
-276, -322, 5647, 1219, -433, -346, -1171, -1028,
191, -406, 444, 33, 272, 3502, 475, -2178,
1915, -290, -1037, 833, -695, -121, 415, 556,
1025, -2268, 334, 2847, -1768, -389, -14034, -3878,
836, 4605, -1985, -359, 1478, -149, 823, -926,
-828, 135, 469, -645, -328, -94, -178, 2820,
781, -2361, -5778, 1312, 3918, -1, -3654, -942,
-2495, 615, 210, -17006, -396, -445, 382, 563,
-1738, 95, -9107, 4869, 348, 527, 5688, -145,
-1195, -2367, -749, -187, 6697, 27, 347, 12571,
-64, -427, 3765, 824, -1216, -1126, 5997, 586,
110, -294, -240, 1646, -186, 1360, 413, -6459,
-1535, -3208, -520, -621, 8613, 1098, -19, -199,
-11446, -657, -353, 906, 678, -19375, -126, 1688,
644, 1231, -2151, -742, 320, -68, -12426, -2750,
1483, -1603, -2639, 3028, 2662, -140, 5405, -917,
-407, 207, 9392, -569, 931, -124, -82, 6370,
477, -12264, 1093, 3427, -732, -50, 232, -67,
609, 1615, -463, 583, 1808, 1499, -509, -24431,
231, -72, -192, -333, -7554, -342, -9036, -304,
136, -15450, 1333, -1147, -1488, -1440, 75, 63,
747, 297, -251, 30, -301, -1810, -86, 544,
-10446, 1300, 10468, 218, -2471, 1982, 423, 3046,
-1112, -657, -104, 10671, -46, -10953, -6205, -1275,
1972, 937, -75, -330, -529, -2581, 1510, -1881,
-1372, -1725, 14541, -560, -884, 946, -307, -5031,
7798, -190, 720, 1525, 29, 868, 1238, 372,
-462, 2467, -2661, 2721, -1514, 723, -2782, -494,
240, -7147, 587, 751, 1613, 11054, 1074, 275,
972, -970, 27, -75, 24, -9, 163, 88,
21, 87, -78, -743, -128, -2336, -235, -743,
-3918, -333, 1088, -195, -166, 782, -119, -3263,
604, 2155, -258, -1282, -129, 43, -5124, -472,
685, -14243, -1294, -99, -1922, -284, -422, -1112,
-3194, -1977, 1448, -419, -7172, 20, -70, 2102,
0, 278, 1882, -10005, 1612, 6020, 71, -141,
1027, -43, -864, -448, -21257, -336, -2090, 5207,
674, 722, 1030, 1367, 1963, 6057, 984, -1087,
-3690, 47, -61, 104, -81, 895, 22, 728,
-191, 3219, 5228, -27, -802, 1438, -9026, -1352,
-581, 912, -664, -23, -522, -912, 178, -603,
571, 574, 406, 564, 175, -405, -2965, -1072,
1749, -957, -402, 9431, 1649, -409, 291, 5765,
808, 6754, 727, -37, -254, 1530, 213, 3253,
357, 371, 45, -1276, -12432, 2799, -1924, -176,
-1107, -183, 198, 3662, 20, -1166, 2507, -3484
