1688, -307, -590, 971, -3616, -1632, -218, 1861,
-1479, -367, -6584, 487, -951, 10808, -232, 444,
89, -1216, -1577, 1283, 249, -3, -3646, 2205,
-1116, 2630, 2110, 3193, 270, -189, 78, -826,
1010, -10520, -370, 1234, -5604, -262, 1277, 1440,
2225, 2466, 305, 2469, -740, 120, 3184, 2125,
1185, -3230, 1597, -1670, -8283, -9857, -129, 8932,
-1355, 8755, 707, -256, -135, 423, 1543, 1782,
-4875, 403, 373, 1570, -183, 782, -9617, -2539,
1090, 523, 6929, -1226, 10329, -278, -999, -260,
-1810, 666, -463, -6100, 2040, 256, 532, -1475,
383, 13137, -10953, -2226, -1243, 1584, -2348, -809,
3602, -816, 194, 480, 84, 2297, 344, -5181,
-6243, -2616, 2093, 7112, -2373, -1346, 291, -372,
-863, -16911, -1878, 378, -826, 579, 737, -468,
-2288, 264, 634, 108, -254, 4717, -1286, 2885,
986, -4944, -98, 2007, 991, -2252, -2887, -6141,
-605, -10474, 896, 6, 235, -407, -70, 478,
-8392, -10870, 575, -672, 103, 320, -179, -229,
445, -380, 1124, 3271, -1327, -275, -239, -10381,
-9102, 1361, 96, -1255, -277, 9316, -415, -2258,
8992, -117, 1625, -704, -980, 752, 9133, -8792,
-423, -272, -865, -2285, 443, -2014, -2592, 3180,
1198, 2570, 3360, -7090, 3311, 697, 2229, 46,
-472, 6984, -140, -780, 10391, -1078, 48, -564,
-5073, 1576, -826, -483, 952, 1099, -11536, -652,
375, 440, -7319, 2646, -2089, 2804, 3795, -6704,
251, 811, -1224, -1976, -4943, -6671, 780, -2856,
-7907, 2447, 3755, -135, 1127, 328, 553, 3450,
351, -5054, -5, 1077, 109, -254, -391, -511,
404, -61, 510, 395, -6044, -7454, 364, -575,
65, -410, -1921, -248, 128, 311, 17131, -2135,
-563, -884, 2356, -3951, -1176, -16695, -1534, 1977,
626, 2478, 1554, -1070, 38, -551, 370, -11053,
-331, 1062, -1385, -1681, 1028, 3350, 239, -76,
-156, 49, 397, 7060, -2834, -6527, 22, 1920,
-951, 356, -7674, -8903, -120, 317, -303, 160,
530, 4611, 1083, 514, -12207, -283, 1413, -848,
-645, -432, 0, -192, 4780, -3485, -1192, -10574,
1274, -3057, 475, -188, 183, 7865, -11214, -268,
491, 1422, -28, 149, 515, -1651, 670, -450,
-958, -4288, 567, -182, 668, 4069, -213, -1176,
148, 8854, -151, 474, 599, 1297, 237, -19186,
2993, -482, -591, -1322, 25, -628, -828, -203,
-1500, 5519, -84, 723, -1137, 1217, 13045, -707,
-372, -200, -4142, -790, 188, -6760, -8288, 766,
366, 444, -517, -2679, -1470, -61, 161, -3734,
3053, 2012, 439, 627, 524, 5538, 549, -473,
-2244, 8399, -6395, 5811, 851, 58, 11376, -6,
-337, -689, -1510, -690, -388, -3587, 2665, 3371,
-1850, -953, -513, 581, -10296, 548, 1092, 565,
18045, 215, -1486, -1270, 450, -880, 407, -6547,
8393, 206, -515, -1565, -219, -1872, 1479, 382,
-569, -5002, -1247, -45, -740, -1791, 17177, -1210,
761, 132, -1627, 4970, 5563, 722, 5614, 430,
5659, 139, 1193, 1513, 1144, -1319, 561, -5145,
1010, 199, 656, -3958, 3544, -1758, 810, -1578,
15976, -139, -1035, -416, -543, -418, 2824, -6541,
94, -673, 11741, 426, -15, -5280, 780, 1795,
-4616, 8192, -297, -206, 883, 2369, -395, -4266,
-3120, -199, 985, 1240, 352, 232, -170, 176,
413, -495, -1399, 754, 618, -6103, -179, -2546,
965, -1362, -806, 838, -3912, -1346, -3135, -937,
219, 307, -3509, 1210, 2381, -7923, 6358, -885,
2902, 284, 2560, 1789, 6878, 6, -4418, -2206,
-1091, 1840, -118, -2659, 1008, 2192, 1651, 1363,
-7772, 1252, -1200, 133, -757, 501, -98, -17197,
98, -543, 1743, 621, -809, -1950, -793, 1168,
-743, -7124, 166, 7875, -4466, 356, -1430, -467,
8589, 9931, 520, -866, 1945, -599, -434, 113,
589, -3456, 597, 6076, 1114, 9660, 1532, 2073,
-138, -721, -1030, -1309, 625, -4040, 1211, -18836,
-3963, -4468, 197, 600, -1004, -816, -560, -476,
-2160, -2, 26, 8162, 1057, -178, -11739, -1882,
1000, -227, 109, -1852, -1163, -17143, 140, -718,
-1150, 33, 1397, -45, -205, 153, -1494, 20509,
-51, -904, -599, 1915, 884, 504, -1819, -4487,
1252, -1259, -2200, -5601, -448, -686, 5778, 873,
-4282, -533, 295, -450, 1422, 2393, 3267, -3911,
249, -3605, -3190, -1096, -2422, 274, -1918, 4070,
-206, -432, 1919, -645, -275, 12954, 311, 1479,
-2664, -852, -4809, 1102, -375, 20, 1659, -1179,
1199, 44, -5590, -1112, -566, -11369, -125, -871,
158, 1208, 265, -519, -405, 2439, -1129, 1827,
-9461, 8548, -1606, 380, 4924, 662, 1314, -391,
-2024, 827, -13381, -198, -142, 1600, 3329, 125,
-672, -220, 557, 18642, 60, 7296, -10472, -712,
1188, 808, 64, 479, 555, 264, 394, -611,
-810, -7943, -235, -6889, -1575, 1320, -381, -7414,
1740, -744, 369, -626, -6899, -2144, -593, 668,
-351, -3756, -5143, -1814, 806, -475, 588, -507,
-9088, -629, 154, -6945, -1105, 10658, -435, 384,
-757, 1183, 3806, -747, -378, 535, 10224, 626,
-866, -1931, -1484, 5818, -750, -9628, -250, 589,
-653, -198, 104, -934, 1207, 46, 960, -1032,
4236, 4471, -2896, 1551, -7714, -1921, 746, -671,
5114, 5482, -522, -3344, -1905, -9220, -663, -1355,
-611, 65, 1368, 628, -1276, -6780, -2623, -661,
-117, -437, 5507, 3205, 928, 537, -9487, 80,
-102, -538, -277, 863, -1421, 6054, 1227, 696,
3582, -508, -1757, 145, -1705, -1201, 4157, -3314,
2291, -834, 821, 552, -724, 513, -9730, -8944,
1913, 501, -216, 716, 2766, -823, 2535, 314,
1774, -3372, 235, 244, -1216, -710, 689, 6736,
-52, 218, -8382, -444, 920, 569, -4890, -2050,
-612, 1708, -481, -15500, -2878, -691, 538, -125,
-81, -862, -10094, 12050, -1392, -326, 133, 61,
-50, 715, -6662, -673, 10745, -596, 44, 3906,
247, -745, 4950, -210, 497, -1875, 8197, 2141,
1454, -23, -1480, 2184, -804, 5515, -1311, -8893,
-2880, -3606, -282, -116, 8084, 618, -403, 1106,
-14405, 1159, 229, 742, -184, -19445, -329, -747,
-1240, 1487, -1670, -839, -77, -882, -10986, -2851,
-24, -747, -3615, 1939, 1389, 132, 5367, 1355,
408, -1272, 11388, 153, 2708, -1503, 169, 7357,
51, -13586, -404, -304, 626, 163, -1814, -515,
445, 589, -1194, 770, 555, 246, -165, -21192,
184, -265, -1116, -485, -8107, -1992, -10805, -880,
-1455, -15154, 2312, -1712, -11, -1899, -400, -2,
314, -318, -280, -658, -1066, -2584, 1027, 801,
-11960, 1519, 8873, 465, -3229, 1801, -348, 749,
7, 1079, -2051, 11521, -831, -13425, -6315, -1135,
1088, 1056, -46, -1006, 374, -5065, 1163, -402,
-50, -1459, 9586, 514, -1439, -638, -155, -5289,
8043, -612, 739, 1084, -60, 891, 786, -6,
-1078, 2097, -5333, 3497, 23, -913, 1303, 957,
-35, -6418, -146, -971, 2738, 9695, -1722, -2002,
905, -1749, -917, 122, 379, -325, -455, 230,
825, -137, -335, -96, -160, 390, 731, -2621,
-5889, -3949, 5138, 839, -1190, -66, 961, -4600,
2345, 1607, -2448, -6653, -592, -106, -7619, -794,
-1186, -12587, -11, -2224, -225, -2903, 534, 1355,
-7002, 314, 494, 1950, -8545, -2531, -2438, -77,
886, -1851, 944, -10156, 3003, 1846, 1919, 2019,
471, 451, -436, -1012, -20121, 275, 98, 1776,
578, 96, -16, 1156, 3689, 7, -207, 920,
105, -58, -175, 163, 697, -407, -61, 1261,
1297, 5061, 5326, -1126, 516, 1208, -11108, 441,
7, -899, -19, -368, 438, -1911, 602, 716,
313, 853, 1448, -817, -1453, 1384, -4371, 1043,
1884, 1619, 2196, 10075, -1548, -1201, -796, 5228,
2657, 8244, -605, 422, -693, 3171, 657, 5438,
-171, 633, 1579, -1718, -12265, 1083, -976, -293,
-3802, -306, -668, 7818, -1340, -402, 2231, -4472
